-1.6919
-0.586466
0.229586
-3.61046
3.26821
1.77341
-15.0368
0.231585
0.145072
0.267429
1.02968
-1.4392
1.03874
-0.0180357
-1.06981
0.273289
0.258325
-1.82907
1.02579
-13.0824
-0.435163
-1.25747
-3.13746
0.635223
1.81906
-0.147108
10.6744
59.0548
5.23106
-17.7219
-5.89589
-2.7297
-0.328321
-0.991459
-0.815735
-54.08
-17.8047
0.153629
-2.11688
-2.1983
1.71174
0.467162
-1.83127
-4.88935
-0.604799
-0.536617
-11.0624
0.0833308
2.0204
1.93336
4.94903
4.1776
-0.773569
-28.5513
2.1452
-2.04493
2.06919
-3.51982
0.409171
5.74641
1.06519
0.370025
-0.0116683
41.3913
-4.00862
4.18966
-2.80827
1.55464
4.95672
-6.42362
-0.88416
0.620936
0.494313
-0.946416
-2.27474
-0.402402
14.1873
1.09236
2.82695
0.835689
-1.0098
-0.160394
2.71031
-1.99134
-0.817528
0.20723
0.330677
0.495582
0.535592
0.545425
0.436534
1.48322
5.70693
2.25747
-1.47791
-0.985815
2.08908
6.35742
-1.96718
-0.780662
-0.412175
-1.75594
-37.1212
-8.70862
-9.72735
-1.32357
-0.0965043
0.336335
0.219323
-9.20637
0.304892
-1.68844
-2.57552
-0.262912
0.5603
-1.36526
-14.0953
-0.0734207
-116.903
9.89321
-1.34925
-0.301923
-2.40378
4.1718
1.34078
3.01559
-0.0231935
-0.846224
-0.0104638
0.054819
-1.46036
-0.70356
0.711962
0.127554
0.55754
0.805245
-2.81362
-0.478705
-0.172843
-0.494686
-3.3197
0.55183
0.549668
-1.37568
-0.364198
-2.45739
0.376284
0.149393
-0.553866
-0.901853
0.294308
0.585119
-4.89326
0.21414
-0.366068
-1.77519
-0.681254
0.793119
0.862152
-0.138571
3.79403
-1.62046
-6.29086
0.575036
-9.13033
9.26588
0.47927
-1.10457
-0.989855
0.303344
-0.836972
-0.677475
4.12145
1.66498
3.10156
6.21352
2.35595
2.12242
21.4571
0.502536
0.251194
6.32368
-0.354279
0.686446
1.92989
0.0317649
0.2094
-2.62455
0.606664
3.61667
6.45617
3.98382
1.1527
-3.18033
-0.269459
-0.385698
3.77133
-1.36001
-0.413798
22.5856
1.23857
-1.53865
-3.20949
0.471992
0.203723
-0.498849
-0.174726
-0.516401
-4.23732
-0.449471
101.064
0.0341082
-0.0585638
-2.6444
-3.82386
-0.0896579
-2.17204
-0.403983
2.66546
1.04323
-0.905241
2.91264
-1.0278
1.16905
-0.00432344
1.77419
-1.44488
-0.0967146
-0.35451
-0.695711
0.740552
0.317548
-1.84117
0.6182
-0.304486
3.73453
2.80244
-2.24746
-0.896551
0.335462
0.0137878
1.71124
-0.176047
0.886814
0.176706
-0.0106502
0.487219
0.133296
4.28843
-1.181
-0.413911
0.372162
-1.92539
0.14143
-0.0387242
1.58417
2.58444
0.325687
-0.553757
-1.07049
0.485845
-0.122249
1.28388
1.26462
0.489203
-0.778475
-5.38116
0.122646
3.37094
-3.05657
-1.22322
-1.61173
-0.0288578
-0.263156
1.26834
-8.22085
6.13151
-5.86022
0.0788665
0.482806
0.184148
0.513457
-4.12396
-0.200484
-3.61812
-0.15925
0.441751
1.38956
-2.54997
-56.024
-1.27042
-3.07174
-2.40224
-0.740953
0.0750415
0.815643
0.0453396
1.34994
0.806931
0.517982
38.6325
0.592389
0.165949
-0.866637
-0.0435622
-0.900118
0.945434
-0.538026
1.57717
0.1452
-0.80822
-0.600143
-1.91701
6.53983
1.07765
-0.424603
-134.229
0.299597
-0.0252806
-2.36935
-0.425194
-0.520366
-0.293821
1.95107
-1.64265
0.829177
-0.23821
2.11571
0.858731
3.8184
1.5667
0.216656
0.463616
0.692323
7.72672
1.53725
2.53384
-21.0663
-0.437993
-0.841827
-1.2365
0.354522
0.997446
-4.40816
0.168128
0.9682
-1.86338
0.421438
-15.2535
0.174057
-21.6523
-2.79866
1.75727
-0.473368
-2.855
-0.103214
-2.1768
-1.06622
-6.5894
-0.535052
-2.75782
-1.31347
-5.9642
0.649815
0.790195
3.26824
-3.41475
5.09175
-0.675627
1.47289
0.604307
-1.0386
-0.182678
-0.593737
0.618423
2.42252
1.01133
-2.63557
0.507029
0.481036
5.26792
-1.22977
-4.86558
0.691982
-0.762234
-0.0640793
3.35917
-0.27655
65.3611
1.30515
2.59391
1.59324
-5.32101
-0.193326
-0.660672
3.13432
-1.3945
2.6071
0.298903
7.15839
-0.0846715
1.59537
0.674389
7.75567
4.83632
-0.610483
2.9283
-0.395783
1.71568
-0.981554
0.0352179
1.09293
-1.07757
8.29802
0.727445
0.671724
-1.5894
0.373085
-1.60991
-0.244907
-0.0479069
-4.65203
1.09929
1.59589
0.751714
0.00715823
-1.59344
0.163155
-0.188272
-0.0300868
0.438306
2.0617
-0.220084
-0.959276
-4.23029
-0.00652717
0.456137
-0.642798
10.7173
-0.103148
-0.322609
0.291256
0.371479
-0.293868
0.217415
-0.42476
6.95656
0.0162952
-2.13447
-0.332889
2.69567
1.35915
0.835447
-0.560138
1.17989
0.350658
0.369154
1.23992
2.2382
1.44392
3.11439
1.69641
4.23606
-0.833678
-0.23111
2.34376
-1.36743
1.80513
2.2302
-1.29164
-0.50023
-0.431976
0.0772164
-0.184717
0.480176
0.929425
1.05561
-0.206488
-2.67396
-0.383927
-3.34055
8.51792
7.7226
-1.34069
-0.621002
1.20754
0.507546
0.104637
7.93429
-5.1847
0.77798
0.355833
-0.324803
0.720155
-0.850828
111.675
-1.4156
26.1613
0.999612
3.4332
0.702848
0.548821
-9.65513
-0.826775
-1.74283
-2.07175
1.56598
1.64501
-0.678428
-1.0505
-0.00853546
-2.39802
1.27525
-1.39159
-2.93368
9.36756
-9.8352
-0.703069
0.60729
3.20548
-1.15433
2.67481
-2.46666
-3.80406
2.26312
0.10288
0.285516
3.14165
1.1206
-80.5822
1.36915
-2.28306
1.56481
-1.80247
0.721113
-0.145976
-2.58116
0.673035
-2.70109
-0.594425
-0.3446
-1.47351
0.913926
-0.586286
2.3073
0.0495844
-1.72673
2.17826
1.81802
2.57659
-3.15685
-0.590219
-0.397071
-0.0621412
-5.24779
-0.135578
0.293101
2.18724
-0.280263
-0.0535497
1.27449
-0.290328
-0.264368
-0.115387
4.48892
0.383116
-0.370628
1.59178
-0.191817
2.32174
7.94857
0.540102
-0.50631
0.641019
0.163216
-2.38492
-0.211266
-2.71712
8.78947
-0.251751
0.354045
-0.448071
-9.23937
0.28473
0.174173
-2.58102
40.7117
-0.0286376
8.29217
-0.897587
9.21064
1.49124
-0.629964
-0.720294
1.0434
6.17155
0.295275
-0.278631
0.462343
-3.31367
-0.347508
3.79968
-0.060576
0.485171
0.661828
-0.598497
-8.41252
-0.330373
-3.41277
0.906086
0.42592
0.785569
-1.43377
1.59673
2.22091
12.6944
-1.01515
-19.3731
-0.439072
-0.379107
0.859669
1.52681
0.551592
-12.8603
-1.77596
-0.354515
0.476726
1.05885
0.354575
-142.084
-1.96114
-0.441431
2.49106
0.453265
-1.42766
0.791325
0.228163
0.512105
-0.200372
0.0862727
0.08223
5.38927
-0.157417
0.4823
-4.45214
-0.496805
-2.03885
-1.73289
69.9011
0.863214
0.267932
-1.3312
0.88151
-11.6771
-2.14336
-0.70974
0.524663
0.0852176
0.563948
0.931925
3.20599
10.7805
4.82954
-1.07693
-0.444405
-7.74285
-1.07654
0.169714
1.82773
-0.833681
-0.250882
0.39077
0.191757
2.31875
-1.20769
1.04281
-0.152403
-0.234731
-59.0992
0.243272
0.205194
-16.4214
-0.174137
1.41269
-1.69754
-0.636276
1.36519
-0.471254
20.7874
0.72723
1.14267
-0.15574
2.75008
0.397829
10.8129
-0.320589
-0.550666
0.0162352
-3.76355
-0.798033
-0.0361478
0.527417
2.3586
-1.09891
0.772716
-0.00803587
-4.5702
0.0720998
3.70057
0.719429
-5.32287
-1.29089
0.449593
-0.854908
-2.10445
-1.07845
-0.559874
7.78147
1.61129
-0.268966
-28.0643
0.20009
-0.458787
0.833656
-0.556791
-7.09762
-0.485379
1.08703
-1.1902
-0.358574
0.992604
-2.26399
0.584965
-1.12008
-1.85703
0.432177
-1.02693
-0.312653
1.46474
-2.21599
0.0841477
-0.544267
1.42424
-12.1174
21.3633
-0.426693
0.753437
0.675106
2.36495
0.0423488
0.778338
0.678652
0.200973
-0.188556
2.49835
0.652354
1.0735
0.734223
9.35753
-6.53485
1.5743
-1.48492
0.0793604
0.288191
-1.46199
-1.58405
3.51933
-0.0666838
1.05496
-8.50654
1.2151
1.41265
-0.134126
2.30342
0.101989
1.30675
-1.56726
-4.16729
21.6552
2.61206
0.0209196
1.38615
-0.71095
-0.42158
-0.974888
1.90513
2.80541
-0.607529
-0.848042
-0.0211099
0.341492
3.26927
-0.984742
-1.81122
-1.52804
-3.28246
0.0667672
0.253597
-0.642771
-2.7089
-1.25561
-0.0675933
-1.49238
0.171254
-2.65754
-0.106729
0.848346
-0.189113
1.04222
4.20047
-2.83963
-24.1245
-0.66688
-0.533348
-0.645728
-2.58294
1.31592
-0.0234256
0.713211
0.103489
18.1906
-0.549257
0.551028
0.0511817
-0.355151
-0.0814217
0.727105
-1.40536
-0.84046
-2.30551
2.61272
-1.00494
0.0528403
0.738133
5.60085
0.0538009
1.06072
1.45359
8.28452
4.35786
3.20513
0.426819
-0.168044
-1.90544
-0.146181
-0.641568
-0.424983
-19.6194
1.33336
1.44801
-0.285119
0.438511
1.75112
-0.952995
-0.943016
0.735925
1.32554
1.86422
-0.115242
-1.13654
-1.14059
-0.513746
0.832019
-1.15857
0.221626
-0.538708
-27.5809
0.870705
0.441383
-0.34728
-0.588845
0.30055
0.530061
5.33749
-3.41426
-1.50866
-0.223624
-57.0004
0.0568894
-3.64993
-3.40205
5.96984
0.180365
-0.197708
-21.0823
4.6556
3.9425
0.0980014
-2.11288
0.576923
-892.603
-0.0727012
1.32611
-0.884509
-0.605267
0.910175
1.73606
7.13791
-1.02362
-0.259377
0.241253
-0.443671
-0.623732
-29.0618
0.226661
-5.0141
1.44176
-1.2407
1.65708
0.958845
-0.893001
-1.02232
0.120906
-0.685145
-1.87821
1.37589
1.43237
1.36948
0.781234
-0.233488
-1.7183
0.574065
-1.4926
1.8858
-8.21061
0.493382
2.15367
-6.42123
-0.357485
1.23775
0.919734
1.53002
-1.88527
1.9069
-1.05851
-0.492317
4.11136
0.0709362
0.0351894
-0.0236735
0.206684
-0.406641
-2.41556
1.48
-0.582932
0.143975
-0.620068
0.484093
8.81952
0.378271
2.98257
1.17073
-2.90365
-12.6585
11.0825
-10.0314
-1.66199
0.520941
4.39833
1.07131
0.00597516
-16.8839
0.497387
-0.222874
-0.793547
0.987089
-2.90887
-1.00835
-0.3754
0.219569
-1.11477
1.69197
0.486986
-1.28014
0.36788
-0.127687
1.52119
-3.92186
-0.476864
0.0527941
0.299352
0.118982
-3.03351
-10.5858
0.370178
-11.052
0.259862
-1.39953
0.157136
-3.56656
2.02278
-27.0088
0.587618
0.212597
0.185308
2.08582
-0.492116
-2.66685
-5.69599
-2.3103
-1.28121
-5.52135
0.262799
0.0859872
-0.338255
-0.127537
1.39787
0.866144
1.27347
-2.63197
-0.569238
0.453242
0.0462873
0.728028
7.27731
-0.617929
-1.26875
-1.3708
-1.00941
-2.2288
-1.75098
-4.61045
-0.114785
-1.17098
-1.41923
-0.679935
-0.673454
-4.42755
1.79646
5.12217
-0.97124
-2.98851
4.12987
1.80558
0.807283
1.26326
-1.13939
-1.39422
-0.523456
19.8237
-0.626967
-1.88558
-1.414
-0.231725
-2.01648
-0.784051
-0.944751
0.232454
-1.15619
5.48679
-0.241682
4.86809
0.523026
-1.06693
-0.448251
-0.556956
-1.02881
2.35243
-0.520522
-1.25622
-0.209374
-0.0236343
-0.745839
-0.74167
0.0170889
0.514715
1.45285
0.454039
2.4813
1.513
-84.1845
3.79987
-4.80179
-32.1801
-0.543864
0.250946
2.31187
-2.63565
0.409624
-3.67172
-1.25477
0.605224
-0.0167221
-1.73433
1.2555
-0.0899229
0.872536
0.11365
-0.302827
2.54929
0.158046
3.06493
0.62808
-1.9503
-2.91781
0.855295
-4.21623
0.012726
-28.8898
-0.530596
-1.95068
7.71356
0.593468
0.0577205
-5.37725
-0.657337
0.848324
0.240619
3.29695
0.724711
0.46365
0.57811
3.16744
-0.10612
100.161
0.107016
-0.095402
-5.31872
0.185147
-0.0567309
0.987172
0.897752
0.282551
-188.42
-4.46748
0.820404
-0.530024
0.47517
-4.08084
0.221909
4.24293
-0.513367
-1.60109
215.685
3.41938
0.179074
-7.64389
0.135973
-0.196024
1.01781
0.671475
1.81279
0.0530102
-1.11169
0.422739
-1.47339
-0.559252
-5.61605
-1.02999
-0.235245
-0.0585072
-6.14734
-0.384161
2.04963
1.03235
6.51016
0.699395
-0.954687
-0.635098
-0.338871
10.6487
0.22622
0.224448
0.580986
-1.83252
8.92947
15.3181
0.220965
-0.908424
0.0571289
1.51591
1.78999
0.904689
0.682313
-0.966071
3.50556
-0.910354
-2.05471
-32.7636
0.896109
-0.803485
-0.608789
-14.7815
0.201962
0.0924627
-0.087186
-0.658163
0.101628
-0.527983
-0.289039
-0.393487
1.34152
-0.290398
0.594042
1.82877
1.60929
0.370184
-56.6137
-0.456599
-0.543459
1.40423
-0.226593
-40.078
51.4285
-15.7962
-0.545311
-0.79909
0.514845
0.590215
-1.364
-0.689604
0.797703
2.74842
0.127135
-0.397366
0.0441166
-4.63045
2.22953
-0.553851
-1.64213
-1.96434
-1.13444
1.66568
8.05191
4.71859
2.12121
-0.0506998
-0.926991
-2.44718
-0.55467
1.38365
2.73085
-0.471234
-0.537732
-3.31323
-0.446922
2.02204
2.73596
0.424313
-0.587784
0.356038
-0.179925
0.146413
11.9956
-0.039467
-3.7304
0.792297
1.44959
0.341549
-2.10318
-6.07306
0.994378
0.677395
0.00875495
-0.649014
0.630123
-2.01864
1.90287
0.194591
-0.854625
0.287833
0.728019
1.49652
4.97741
0.26874
-1.21508
0.528381
-2.36539
-1.02011
-20.6551
0.151297
-0.452647
-1.39386
-0.723116
1.17359
-0.083467
-2.2195
3.13335
3.69792
-0.0294799
-9.75678
-0.0295321
0.595618
2.23304
0.41136
0.245119
1.07321
-0.893757
-0.296595
-0.182635
-0.270074
-0.272095
10.7598
-0.741346
0.901771
3.43888
2.42389
-0.246782
2.4864
-15.0647
1.274
-4.74972
0.772342
1.48392
1.78091
-1.45634
189.057
1.80077
0.0286867
-4.15718
2.95513
17.895
0.287122
7.15028
0.992419
0.571174
1.52503
0.660674
0.929759
4.40997
-17.812
-0.136624
-2.11372
-0.253125
0.119985
-0.955824
-1.05714
-0.299705
0.729039
0.93347
-2.06345
-0.296658
-18.5694
0.403866
1.67693
15.9079
0.49144
0.549133
2.72429
0.0767663
-0.288453
0.0584482
-0.482561
1.45604
-0.260409
0.69168
-21.212
-2.67722
6.09336
1.19843
-0.350196
0.348245
3.04709
-3.93777
0.13539
0.442957
0.398194
0.264901
-0.381602
-1.48278
-0.331097
2.65322
-2.62379
1.47979
-0.744126
0.25451
1.68894
0.123559
-0.333981
-22.0178
-82.6106
-0.0406708
1.05793
-1.54622
-4.16936
1.73587
0.448092
0.906991
0.817154
1.37966
0.533996
1.84924
1.82537
-0.530562
1.25666
1.1454
0.369742
3.63899
2.01727
0.318214
-2.73512
0.53622
-0.0221313
0.0830336
-0.560592
7.47846
-1.52249
0.843346
-0.00881955
-2.46399
7.60624
-0.102461
0.0266341
-0.494407
-3.37259
1.03495
0.634779
46.8685
2.3954
-0.963512
-0.103698
-1.13469
-2.08421
0.877755
-4.24522
-2.05152
3.40167
0.53363
-0.0324015
-4.20157
4.23341
3.24073
-0.708578
1.78588
0.014443
1.26931
-0.637671
-0.596209
-0.672543
1.4217
0.437977
-0.196158
-1.20981
1.15779
-0.37923
-3.33682
0.198664
2.17732
4.77702
0.0817264
-0.444673
-0.565074
0.235294
0.392087
-0.707602
-0.0487922
-0.452621
-0.628454
-1.58027
-0.312288
4.41085
1.2303
1.69653
1.68403
-0.727379
2.22069
-0.944598
-0.890619
-2.2365
-1.369
0.981934
-2.55214
0.740511
2.40183
0.110818
-0.445399
-1.93407
-1.55181
-0.196301
1.14033
0.0361508
0.758276
-0.0351078
-1.18214
2.86464
-1.47087
-0.492467
-1.68914
-1.68268
-0.456422
2.44937
0.406793
-0.888031
50.6492
0.355426
-0.407807
4.33055
8.69056
0.721129
0.177948
0.0177202
-1.45935
2.48653
0.248126
-50.4193
0.351681
0.528745
-157.174
-3.72093
-0.818431
-3.12245
0.274981
-0.847261
-4.01137
1.64533
-3.15653
-1.72319
9.67403
5.8964
-1.44417
0.118149
-0.782529
1.70898
0.992738
2.97593
2.20162
0.330657
0.634493
-9.41089
4.31983
-1.43583
-1.06883
-0.311778
-0.707675
1.21143
-0.787856
-0.657588
-1.28581
-1.78604
2.83029
4.07466
-0.321932
0.103292
6.99412
-4.94843
-1.54031
0.908364
-0.57142
2.23072
-4.44364
1.34252
-2.329
-79.2526
0.00154085
-2.67864
-0.220329
-1.23282
-1.63779
-1.40791
6.62557
0.0349172
-2.85314
-0.506756
-0.248384
-2.24128
-0.0818259
-3.43611
0.422691
-9.19674
1.05301
-0.290333
-0.527796
-3.00144
0.223504
-0.558274
-0.881239
7.45212
1.37417
-0.321878
-0.879978
0.0868512
0.0342976
1.42066
-6.04137
-45.8327
-1.99577
-1.235
-0.247772
-2.61181
-1.01751
-4.14502
5.07419
1.69274
2.75889
-0.610277
0.928747
4.36131
0.368395
-0.398498
1.5913
2.09642
-0.200104
6.8036
3.33283
-0.140511
-32.8606
-1.228
-0.445883
-4.36501
0.588675
-0.318088
-0.116727
0.335236
-0.0450414
0.644641
-0.478894
1.2442
16.814
0.955641
10.4292
4.63408
-0.439044
8.42921
2.19147
-4.68525
0.632295
0.442497
2.16202
-7.74889
-1.94862
-11.7108
-17.6726
3.94201
0.514199
-0.0363438
79.3118
-0.19434
1.38405
15.2331
0.852231
1.65796
0.894149
1.11235
-0.131048
1.33726
-1.65818
-4.43755
-3.4256
1.21679
0.774362
0.288685
0.717576
3.82962
0.756933
2.36936
2.75789
-0.214191
-0.376778
-0.141041
0.0810803
-0.56625
-3.54482
0.303312
2.20417
-0.15036
0.431816
-0.799587
-7.3216
1.90249
-5.77353
-9.78499
-1.67095
0.898237
2.10588
0.115819
-5.95058
3.21908
-12.2447
-1.73665
1.12928
0.162373
2.12382
0.449199
-71.5391
-1.26528
0.894129
2.13481
-5.31267
-0.70851
-0.330469
-0.134445
-10.3092
-0.389822
0.09685
0.694101
0.268893
4.70189
0.110622
-2.40663
-2.2758
-12.8286
0.264153
-0.369536
-3.78276
0.567329
-3.76646
1.63154
-5.54071
-1.76799
0.223015
1.87502
0.801074
-1.75982
-2.27539
3.95468
5.51696
-0.713478
-2.12366
-0.904048
1.02463
0.997389
-4.06004
-3.33616
-0.925404
-7.70419
0.968154
-0.447132
0.158796
0.986718
-4.50213
0.915514
-2.21986
0.306238
-4.82766
-1.93142
-3.89006
0.480703
-0.583349
-0.401217
0.185378
-3.49439
0.701416
-0.831407
2.4182
-2.803
-0.957171
-0.530128
0.377385
46.6862
-0.903364
-0.111516
0.472308
0.201075
0.868958
-0.270235
-1.3515
0.204949
0.701862
6.81221
-0.446239
-0.552314
0.268026
0.860905
-0.494468
0.561133
0.850506
0.0982876
-1.07312
-2.65122
0.561744
0.462838
0.667702
1.50209
-0.154057
-4.39376
-1.94634
0.710304
-0.486548
1.785
-5.50376
2.37442
-34.5919
-2.65566
-2.42917
1.28847
-3.47018
-0.346932
5.77236
-1.57169
-3.40009
-0.0969386
-0.194416
2.19366
0.641643
-14.0789
0.542969
0.130969
-0.0269977
-0.619014
1.23345
0.893687
38.9407
-0.735659
2.50513
4.69987
-0.524979
2.2426
-1.18262
9.36115
1.33388
-5.88327
0.437156
-0.815812
-0.997545
3.25353
-0.726338
1.04481
-0.662449
0.797429
-1.30538
-1.4851
4.79536
-0.0854535
-5.81444
-0.531273
-0.583229
1.41447
-2.44416
8.91604
0.62267
3.92176
-0.773649
0.432346
-0.602877
-0.43799
0.461054
1.96018
-2.19984
-0.0583864
2.4984
-3.49787
0.143977
0.177543
3.48123
1.18987
1.15727
1.41371
-0.315476
0.333715
-0.160318
-3.11969
-0.521714
0.161522
0.196197
-0.179852
7.09396
-0.607592
-0.0882834
5.10502
-1.69288
1.4133
-2.07841
1.41197
-0.355538
-1.31902
0.00916144
0.906917
1.36948
0.356281
-2.46774
0.0807233
1.7626
-0.874836
-8.27215
0.00244436
-4.32288
-3.05548
0.648687
1.43732
1.0585
-0.702414
-0.246284
-2.74328
2.31103
19.1316
-1.48103
0.516318
-0.263265
-10.8163
-2.60618
3.74628
-1.37073
-0.788092
10.008
0.138514
11.0107
-0.31507
-0.292097
-1.23459
-0.740226
-1.03631
6.15902
0.0780569
-4.4193
-1.80016
0.0745451
1.61614
1.22043
0.48701
-0.59905
-1.54793
-1.07519
-1.26597
0.0721336
-0.0953649
-0.15536
0.151287
7.64153
0.107526
1.64795
-69.5704
9.20814
-0.772407
0.949444
0.799193
0.410595
-0.739789
2.3397
-0.0576097
0.869416
-2.25788
-0.243021
0.39259
2.83529
0.138472
0.490095
1.00918
4.33182
4.1476
0.268378
-0.26068
0.817252
-1.16819
-1.33664
-4.29691
-0.395341
2.06183
-0.182185
0.962525
-0.0555067
0.206729
0.997245
-0.791442
0.0335311
0.343748
-3.90558
0.606467
0.468588
1.42885
-3.42518
-0.694434
-1.81238
-0.482381
0.312806
1.1162
0.550581
-0.680614
-10.6541
1.22963
-1.28853
2.03278
1.2975
0.0618993
-0.175565
-0.00275919
9.20987
0.191837
-0.151517
-1.15069
2.80386
-3.04474
2.71055
0.431763
0.0559152
-6.31801
0.483672
1.78762
-0.322117
1.05306
1.16149
2.86251
-0.0480474
-2.47238
-1.75347
2.55787
0.388741
0.919505
0.661158
1.75517
4.68733
0.508216
-1.20205
453.452
2.37485
-3.30174
-3.0236
0.281356
0.863451
-0.687454
-72.1065
0.419382
-6.53431
-0.883557
-0.466062
3.03206
-0.73388
1.06792
1.08009
-0.591419
-0.226742
1.24878
0.657622
-0.112901
10.6907
1.71768
-1.51564
2.43876
-0.180004
4.38427
4.00228
0.128492
0.417255
1.42007
-5.35974
-0.899376
-0.533673
1.43005
-1.33526
-0.547506
-7.86504
-0.202671
0.301778
-0.0302369
-0.368762
0.372793
-1.41846
-1.38765
0.601969
1.71874
-0.395319
-1.1588
0.208683
0.0303358
-3.03085
-115.919
-1.18019
1.20208
-0.37319
-1.0001
-0.185427
5.40984
-2.19301
2.4908
1.11878
0.557765
4.3327
1.14679
-1.94515
1.43575
0.362832
0.413434
1.04638
0.257706
-6.55307
-0.112913
-2.63975
-0.719471
-0.581727
2.72302
0.776656
1.21584
-1.12026
-0.294128
0.0841746
1.86827
-0.0331564
0.220016
2.60491
-13.0902
2.58759
0.780164
-1.81145
3.57044
0.754526
-0.141975
0.904755
-177.575
-0.0144274
-15.1212
0.206338
-1.39894
-0.193501
0.221049
-0.067851
-0.252388
6.89237
0.772764
-1.51374
3.03697
-0.296138
-1.15337
0.151172
2.47411
2.56686
4.54588
-0.0519706
0.227548
-1.16944
-0.736481
-0.998533
-2.38745
-0.0802628
-0.606069
0.289116
-0.473079
3.56535
0.527879
-0.187618
2.41711
0.995809
0.324207
0.209904
-1547.09
-0.0306294
-0.659017
0.0181218
0.802911
0.448023
0.801413
1.52091
-0.128451
-0.726299
-0.971417
-0.116032
-0.706253
1.69508
7.09685
0.723023
0.212413
-0.917335
-0.33258
-0.0321919
-0.254696
2.49383
0.273619
4.10112
0.0613725
0.93688
1.07509
0.60103
-41.3569
-0.488807
-0.483314
0.910763
0.398463
-1.7389
-0.935419
-0.759594
1.60147
0.437966
0.353706
-0.0221309
-2.58445
-1.71068
-1.86146
-0.149525
1.43715
-2.46441
-1.48864
0.587924
0.0320529
-0.683968
0.499622
-0.58114
1.36747
-0.124195
7.04212
1.66539
-1.41165
-1.78984
0.270045
3.26833
0.747388
0.0449853
-3.46394
0.477135
1.55074
2.78441
1.52216
-0.331359
0.912793
0.690306
8.96667
-0.00202991
-1.57913
-81.7185
-2.05641
-0.694711
1.94981
-0.141238
1.52481
1.05468
-2.90388
-0.04996
-0.342544
-0.852906
27.8936
-0.100977
5.95692
-1.38527
-3.16173
5.89536
0.245607
0.462857
-0.980208
-0.633522
0.884345
0.890857
-1.70373
-11.564
0.472756
4.63884
0.362552
-1.01075
-2.54359
3.68296
0.807274
0.598154
1.59235
-1.51202
-0.881346
1.2382
4.97342
-0.544672
1.34364
0.0019584
-5.71204
-0.813215
-0.586165
1.07666
0.604494
-0.218833
0.629936
5.52075
-0.113504
-1.26343
1.69424
0.385484
-9.79999
0.810243
-8.30529
-0.708177
-0.311463
0.042652
1.33815
-0.330261
13.5659
-2.13806
0.52161
-0.139613
-4.9591
0.716882
-0.209314
-0.224082
0.012944
-0.193526
18.6383
-0.595417
-2.82835
26.8163
-4.99573
-6.36154
3.35522
-1.58152
-0.0470046
2.55345
-0.458551
-2.01815
3.19739
-0.48391
1.02185
-0.116158
-7.60275
0.863671
-13.7943
0.806381
-0.472614
-0.352785
-0.627851
2.9974
-0.455989
-2.91036
-0.376385
-0.0853869
2.74429
0.676409
1.0262
2.12563
0.935274
-0.438255
0.315022
-0.342836
-3.33142
0.388863
0.505311
0.401688
36.7626
0.570881
-0.301192
6.55977
-2.17575
-0.141725
-0.536208
-0.395382
-20.8493
-69.6408
-0.271051
-14.3304
-2.49358
0.362777
0.431926
1.07074
1.07434
-0.403193
1.55793
-1.06574
0.0507366
5.16564
-2.03428
1.77382
-10.581
-2.60341
-2.38467
-4.03869
-0.811608
0.205985
-1.6007
-1.17969
5.84089
-1.71697
2.25013
-0.101543
1.34025
-1.92989
-2.34093
-0.68633
-0.0592637
-0.1048
0.984103
-0.861199
-1.56742
-6.1467
-0.402062
-1.8618
2.77143
-3.61647
-0.823975
-0.313806
-1.47741
-1.03225
1.32133
-1.75167
-0.235353
-0.550204
-0.472623
2.57239
-1.15434
0.0969604
0.394567
-88.5773
-1.27413
0.0840039
1.18329
0.649735
0.508337
2.24303
146.251
3.42769
0.376271
-0.0510749
-1.58334
0.405292
5.82484
-0.68994
2.05843
2.61605
-20.09
0.470814
-0.153457
-2.56195
4.2292
-0.099365
-0.298897
1.87539
-0.616233
0.954639
-18.5353
-2.32773
0.0967093
4.7342
-68.6106
-0.759075
-2.84097
5.05018
-5.7709
-4.8503
-0.405901
0.172854
0.283947
0.170657
0.778433
-0.371202
-2.61492
18.0097
0.564027
-5.85331
-0.0807816
-2.43413
-1.19975
-3.22536
-2.05231
2.28388
0.13452
2.413
0.844932
-1.26588
0.548456
-2.16239
-0.412108
-0.663426
0.287083
0.723849
1.66771
-77.2689
-0.994333
6.49482
-2.37009
-0.393045
-0.0912301
0.214049
10.4033
0.771078
-1.94882
2.72882
7.0417
15.342
-0.165079
-12.3781
0.248516
7.6005
-0.0191486
0.711262
-1.58452
0.12758
1.45475
-1.06141
-0.186213
0.291538
-2.37685
-2.59887
-0.914726
-0.699489
2.2641
-0.0168235
-2.7517
-0.362057
3.02458
-0.901126
-6.13718
-10.6092
0.475157
-41.9378
1.70812
1.69024
2.32883
-543.781
-0.58106
-0.312702
1.4777
0.0119307
1.0223
-0.399998
-0.632743
3.95688
1.04098
-1630.17
-3.06976
-0.127202
0.555703
-0.278088
2.88354
-1.21524
0.203143
-5.93063
0.639755
-0.128013
8.04968
-0.685444
1.2794
-12.1467
-2.1433
2.22888
0.827133
0.285819
-1.71955
0.974669
-0.608363
-0.134193
2.36977
-1.815
0.67608
-0.746104
0.48693
1.40651
1.18762
-12.4342
-0.594937
-1.68513
0.181058
0.52089
1.55351
2.45747
1.57654
0.332431
-1.33401
1.22134
-0.0860611
-0.191447
0.43795
36.2009
-0.0486974
0.366338
-3.98976
0.074155
-4.75369
31.5775
-0.119146
0.159257
7.70156
0.444401
-0.200625
0.832666
13.7984
-1.21413
-0.961079
-3.51745
-2.46411
-3.43802
13.7645
0.345274
0.900195
1.15909
-2.62741
-4.47991
-1.65301
-1.27707
0.569743
0.707629
0.30042
0.825389
-3.6652
-0.729375
-1.26494
5.12407
0.183071
-1.02353
-0.0990893
0.804442
-0.414882
28.1313
-1.74092
8.30711
2.29599
-4.1924
0.164653
-3.75294
1.14529
-7.36673
2.74909
0.203017
-0.836983
0.220694
1.02595
0.803754
-0.108151
0.382604
1.89225
-0.156471
9.72829
-1.55529
0.25543
-0.977102
-6.26333
-0.0222329
-1.30023
-0.99654
-0.363198
-1.28209
0.164589
-0.152858
4.23727
-0.517704
1.09441
2.10393
-1.02329
-1.59496
1.43644
-1.69021
2.08022
-0.179911
-0.0834419
-0.684564
0.650956
0.352319
10.2231
3.96142
3.89922
1.50199
-4.4717
-0.505706
-1.58315
0.0199283
4.97711
-0.326347
0.277979
-0.0249729
0.175347
-0.274438
-2.29966
-0.493098
0.632922
4.07371
-1.5317
1.88217
7.64602
-2.14028
0.414096
3.41624
0.617703
-1.20181
-0.0704502
0.142739
-1.12557
-2.01799
-0.362086
0.432502
-2.87721
-0.036463
0.353779
-0.890347
0.469146
-1.05307
-0.293282
-16.417
-0.275451
-1.95547
-2.13162
0.476269
0.0843746
0.810951
-1.29538
0.724084
-0.475484
-0.984385
-0.16358
0.0423056
1.44776
5.11282
-0.775514
0.0500099
-1.69608
3.64113
-1.35067
-3.15064
-4.75155
3.09573
0.774016
-0.0617259
4.36689
1.18838
-1.66606
-7.67707
0.400682
3.89137
-0.701744
2.04016
1.26349
2.25833
-2.85998
12.1972
-0.223689
-1.87456
0.141573
-1.5497
-2.05447
1.52323
4.97478
0.313595
-1.45976
-2.25841
0.00824041
0.217184
-0.334322
1.9968
-15.0806
2.09656
0.0715382
5.59674
6.32017
-18.6495
-0.382145
0.0594819
0.734421
-0.83262
0.237649
-0.634587
-5.90544
-2.26774
-2.25162
0.0357825
2.93525
12.1964
5.79853
-1.06975
0.599951
13.9174
-7.33529
0.320132
10.8338
-0.216346
-0.842644
-0.954073
0.988016
-0.292926
-3.03804
-8.26643
0.502137
0.341015
-0.400252
-1.0537
1.21319
0.666123
-0.916164
-0.251137
-1.68309
-0.482362
-0.901494
0.652923
2.42344
0.536199
0.37866
-0.408064
-0.0553439
1.83745
10.8891
-0.842388
-0.454038
-0.622538
-0.259797
-5.28223
0.549997
1.84748
-0.0384315
4.39462
-0.050156
-2.84943
0.651901
2.20093
-0.556528
0.507005
0.916924
3.02143
-2.8146
0.33468
-0.48674
-0.830782
-0.425128
0.0520821
2.81725
-1.12087
-11.8108
-2.49454
1.05524
-0.624559
-0.0736606
-0.968538
8.00429
-1.59616
1.04197
1.94901
-0.337506
-0.0607101
-3.45987
-14.5724
9.60384
1.08119
-0.365322
3.28593
0.926289
0.290845
-1.42208
2.02026
0.371252
-1.37311
-0.151109
-2.56618
-3.17817
0.250588
-0.495588
-73.9257
1.24802
-0.59011
-0.749869
1.45163
-1.13242
0.0154267
0.62852
0.458547
1.1266
0.96149
9.8941
-0.313683
1.09465
1.67456
-82.111
4.37921
0.148055
1.32374
-2.83786
-1.63035
-4.1781
-0.603328
16.928
-2.11126
-8.82641
-1.78116
1.49977
3.25542
0.880633
0.340272
-0.497092
0.776846
0.478643
-1.76941
137.805
1.27367
-2.55024
0.364177
-2.10231
3.64462
41.3461
-0.115451
-1.16804
-0.412355
-0.389613
-2.7456
47.2921
-1.69215
-1.25376
-0.327637
0.0152616
2.18059
-0.968772
0.0648557
-0.224341
0.0302513
0.435076
0.234978
-6.53476
0.0910229
7.09209
-6.09588
-1.10051
-0.694853
-1.10794
3.2071
-0.0639335
0.412006
0.795684
0.29091
0.884361
1.26443
1.46958
1.4659
-0.0430017
0.0807705
-3.85293
-1.10076
-1.58521
-0.350664
-3.97337
0.791253
-0.301256
-0.16711
0.384249
4.57382
-5.80203
0.153661
0.801667
0.119339
0.978153
0.0790904
-3.51119
-2.33604
-0.244394
2.69873
0.408606
-0.398768
-2.71155
0.228865
1.24429
2.66163
-1.51953
-0.0454675
-0.609545
-9.93939
0.196839
-0.683777
-4.3504
-0.463653
-0.326447
-1.67472
1.77727
0.15984
2.02
-0.377063
1.42502
-2.53763
-0.127038
-0.161659
2.79372
0.0761526
0.316515
13.0183
0.778935
-1.73846
-0.540882
-2.94409
2.63532
-1.02612
1.30113
-0.838019
-0.473434
-1.70629
0.629376
-7.96609
-0.286147
-0.146717
0.937905
0.741113
1.92526
1.12225
2.91613
-0.335247
0.953644
1.64044
1.89916
-4.75337
1.39584
-0.239219
-1.92243
0.0604273
-2.2412
3.38634
-0.894904
0.271797
1.6479
0.851125
-0.529649
1.46674
-0.65029
0.536357
4.7541
23.118
-59.7993
0.224497
2.49704
-7.88916
-6.83914
-0.910036
3.35031
0.102733
0.279157
-1.36629
-0.0217523
-1.7417
-4.44376
-0.085632
0.297496
-0.931146
-0.142681
-0.149371
1.99188
-1.39579
-0.368336
-16.2281
1.14485
-0.972295
0.049368
-1.36542
-1.89092
-1.4596
-1.79435
-0.218684
14.3459
-1.09989
0.352093
-0.279941
0.0245589
3.14324
-1.80834
1.56405
-1.62288
-0.740487
-5.31398
0.912015
-0.747562
-1.71607
-3.64968
2.21309
-0.948983
-4.06536
0.0188425
-6.07594
-0.730722
0.21624
0.530318
0.64896
-0.526809
-1.77873
-3.47297
5.11347
1.36049
-0.279773
1.61151
0.864285
-0.400466
-5.31122
0.50471
-0.175938
-0.30997
0.428749
14.1296
-0.237166
-1093.02
-0.0118888
-10.5183
-2.2725
2.17609
0.242292
0.020468
0.907812
-1.24802
-0.315234
-2.47475
1.38222
0.221747
-0.434664
0.288045
-0.892708
1.59441
-0.555993
0.953448
1.69634
-7.7812
1.0233
0.256302
-1.32001
-2.81136
0.692441
24.6092
0.219992
-3.75961
-4.05901
2.00778
0.504166
1.43458
-0.139132
-1.76659
0.702538
3.05916
-0.21459
-0.0714607
0.303512
1.25073
2.23474
4.10944
25.6883
2.57032
0.0471441
0.274675
-1.13565
-0.0034137
0.917082
0.774259
-0.222239
-0.624031
-1.03884
1.4187
0.776387
0.526561
1.1212
-2.17649
-3.90266
1.32557
0.813931
0.393631
-3.16765
-2.7627
0.530328
-0.22781
0.428882
-0.190861
0.134583
-10.7432
0.523075
-0.0213242
-0.824232
0.0461181
-3.26624
3.43882
-3.03001
-0.421235
-1.86449
0.0554796
1.52198
3.84448
0.186101
-1.43338
1.44099
0.636371
-0.240148
0.0437609
-17.1992
-6.53072
-0.350376
-3.55323
3.13578
-0.233806
0.850305
-2.0383
0.163076
-576.723
2.97127
0.109319
2.07865
-6.11922
-1.04149
1.48738
0.320732
0.0305856
1.19888
0.297501
4.15691
-2.82398
-0.66133
0.8939
0.369689
-2.02871
-0.292562
-0.991303
2.94433
-0.26492
0.172032
-1.40604
-0.0679563
-0.378677
-0.842305
2.27399
0.410299
-3.65896
0.392467
15.9611
3.33666
0.582813
0.243726
-0.207968
-0.447931
1.02963
0.900017
-0.289782
-0.459604
-4.73418
-0.489306
-0.183154
-0.0202115
8.95706
0.675752
-3.70561
-0.620829
0.580975
-1.8332
0.231709
0.443492
10.64
-0.0386504
0.829181
-1.51887
-0.708129
0.288579
8.1712
1.24892
3.21913
-0.71158
-2.02083
0.383434
0.915809
0.817698
-0.83782
-0.0514207
0.470165
6.39527
3.20855
0.532652
3.52968
1.20362
-0.466728
0.133262
-1.16981
0.115517
-0.0811353
-0.426504
-0.263475
-4.32375
0.515948
-0.164462
-0.981259
-0.0894298
0.355154
-0.393634
0.916574
0.0148662
-1.68943
7.30734
-8.29155
0.0791946
1.05735
-10.4869
-0.221261
0.746402
-0.856822
5.23399
9.06117
-2.99771
-3.07259
0.166623
2.42021
-2.32222
5.71746
-7.02022
2.40466
-0.247497
-2.16459
38.0491
0.476202
-2.74584
1.76225
-1.22579
2.09742
1.197
-0.359741
-1.28305
-1.76113
-1.00118
1.78783
0.487768
-0.609907
0.176432
-2.12194
1.23287
1.40539
-2.99059
-0.353471
-1.72194
0.781192
-1.42762
0.987336
-4.38643
3.57166
0.286519
-0.73593
0.881818
0.682825
1.14111
0.0479289
-0.724265
-6.71159
-7.73364
-0.941457
3.19074
-0.865626
-0.406765
0.310356
4.36822
3.17454
-0.569249
3.31528
-6.08986
0.438942
17.441
5.4956
-2.54195
-2.23198
-11.3305
0.129531
-1.46203
-6.38832
6.44493
1.24943
0.413134
0.476973
4.37365
-0.540264
-3.35598
1.77193
3.29608
0.42046
2.43384
-0.11635
-8.23826
-0.818493
0.678105
0.3049
-3.00644
-0.95429
0.303079
2.45229
-0.78567
-0.0604751
-0.534531
0.678328
-113.837
1.15018
0.822562
1.79165
91.6911
-0.929231
-20.5418
-0.687472
-1.09928
-3.57962
10.8324
-0.451402
-0.0336699
0.424697
3.33724
6.51108
0.32653
5.6644
1.71665
36.7969
1.36999
-0.2589
0.411562
0.986925
-0.612774
3.26499
-0.851762
3.12262
2.61399
2.62696
-0.289121
-0.17898
-1.17496
-0.676345
-12.866
2.25914
-0.80262
3.35958
0.0484871
-0.191546
9.87364
0.790137
0.566598
0.340816
0.569282
0.484276
-1.02655
0.963668
-2.59463
1.10525
-0.33947
0.554763
-2.03798
1.24605
1.03581
-1.33839
-2.47098
-4.70153
1.01383
-0.121887
2.50435
-1.18436
-2.29519
2.75427
6.88949
5.21134
-4.72003
0.385886
1.25979
-0.575969
1.60908
23.522
0.15744
0.537597
-42.3579
-2.34744
2.59832
0.424749
23.0757
-3.74706
1.03955
-3.55724
18.3441
0.27106
-2.28136
-15.8977
1.14737
-1.42294
5.98801
-0.920278
0.793246
33.0246
-1.03516
-0.171357
-2.18952
-0.270702
74.3346
2.17506
1.28236
-0.594686
-0.431482
-3.98287
-1.2322
0.153477
1.19966
-3.29053
0.0083419
-0.0636625
-3.45024
2.50378
1.6771
0.287493
3.05211
13.1077
1.15708
0.354033
0.527534
0.898917
-2.13416
-0.223077
1.36314
0.0299114
-0.123476
0.508642
2.961
3.19907
-4.17506
0.505317
5.68929
0.878704
2.48439
79.1772
0.923227
-6.04582
0.0359974
0.999781
-0.871361
-2.35956
1.38927
-38.3532
0.882754
0.210196
1.46791
0.866669
0.171843
-0.179867
1.28016
-0.0886238
0.187607
-0.21322
0.952345
-0.657839
2.79284
-0.674456
-2.79335
0.354621
4.42838
-0.289835
-0.419031
1.29742
18.2268
1.04717
-3.63142
1.10178
1.19224
0.838822
5.65081
0.756385
-0.382583
-8.01784
-1.8595
-0.334359
-1.12252
-8.24915
-0.662919
-0.330821
-0.323867
1.56886
-0.0978197
-0.131648
-1.02763
9.36716
-16.3653
0.574186
1.6159
-1.78694
-0.783368
1.59712
-0.513375
1.41314
0.0126089
-0.114325
-1.66026
-0.487311
-5.61061
1.88844
-0.225023
1.35151
0.20993
31.5769
0.422975
-8.6937
-0.412584
0.698198
22.7892
0.462279
0.286614
-10.4333
-0.578151
0.40959
0.973493
0.159555
1.19582
-0.156978
0.341767
4.41813
-0.978173
0.14129
-0.537122
-0.672483
-0.705898
-43.6104
0.963247
-6.3049
-0.975832
-1.0106
0.525534
3.29059
-9.19379
-0.277166
-2.35071
-3.11534
0.304216
-0.00381125
-0.903421
1.80315
1.71883
-40.7345
1.06281
-1.67484
0.0295118
5.24272
0.400656
-3.69582
-0.0264638
0.786878
-0.109536
2.93894
-5.09931
-0.24249
-9.00988
5.62102
1.57331
0.282072
-0.181338
0.111842
4.98103
-3.18683
1.27584
27.0919
-1.40735
1.59806
-0.0870423
-0.250562
-0.422788
0.872332
0.302884
0.700139
-8.20123
3.23523
-0.54624
0.256571
2.82916
-0.784017
-1.04105
3.19926
-3.13856
-1.2001
0.124262
3.82718
-12.8079
-0.996559
0.966546
0.777118
-11.3559
1.54768
1.24217
1.96371
0.717615
0.407657
0.938506
3.19648
-2.13674
0.223305
-0.25982
0.755383
-0.0932328
-1.40892
0.089543
0.240836
1.24956
0.0238558
-0.994227
1.55533
-0.754022
237.813
-0.0549306
-21.4494
-0.744038
0.0812993
2.43745
0.43539
21.4785
-0.145702
-1.68688
0.0172692
3.14607
-1.09379
-6.31892
0.778017
-4.17005
-1.10952
24.0563
-2.11545
0.19929
-1.46756
-1.87914
-13.7563
-1.11968
-0.764488
0.31926
-0.8456
-2.02136
-1.13358
-0.608567
-0.53955
4.26242
-3.72069
-51.5683
0.941502
2.46696
-1.47678
-0.862042
-1.81796
0.0638446
-0.17762
0.100187
-0.298512
-0.0373674
0.765105
-0.382189
8.19478
-0.12434
-2.12061
0.0976071
-0.885534
-431.453
-0.374581
-2.40343
-1.0843
1.06624
0.224422
-2.13114
0.339092
0.232778
-10.7043
-0.577196
-3.20239
-0.19278
0.365437
2.07289
-0.41959
-0.579254
-1.16851
-0.264761
1.92788
-2.70214
-2.84452
-0.882714
-0.135083
0.461542
23.1109
-5.72138
-0.265407
-0.326976
22.716
0.850734
1.88729
0.632577
0.797963
-0.268181
10.7029
-0.569711
-0.00329968
-1.0121
-0.314921
2.41235
-1.21909
-0.0461847
0.329244
-0.0978211
0.255993
0.0872672
-0.581046
8.38178
-9.83578
0.0647968
-0.113779
1.58266
1.43835
-1.01309
4.94472
-1.06572
1.14044
-1.1908
-1.33049
-0.391653
9.33482
0.307627
1.49375
2.39013
1.16758
0.510385
-4.44722
-0.57112
0.767607
-1.1326
-3.56429
0.746555
1.1709
-0.150066
0.155128
0.645771
-0.788442
0.120324
1.51904
-0.0628115
1.69494
-0.126662
4.19226
-0.169262
2.44326
-0.146971
-1.98538
6.91419
-0.881639
-1.40355
0.340987
-2.18706
-0.153219
0.604454
-0.290363
1.0992
2.8243
-0.43432
0.247134
0.527882
0.930274
0.173223
0.586247
0.113339
-1.92592
2.48513
2.87161
-0.622326
-1.29981
0.033317
6.49422
-2.44299
0.312232
-0.267839
0.0375692
-1.29996
0.408172
-1.38487
0.711595
-0.181194
-0.935291
-1.31283
-0.355874
-0.218369
-2.69957
-0.64673
0.241544
1.36002
-0.712438
4.37708
-1.47894
0.42295
-0.790569
-0.713279
-0.787508
-1.93083
0.294915
-0.355922
-0.184903
-0.980519
-0.449182
0.979057
-0.121388
-0.936138
-0.00218824
-21.7166
0.266588
3.43041
1.61601
1.61008
-0.912208
-2.98134
0.505753
0.554176
0.62339
-0.458996
0.13332
0.129239
1.93243
0.125626
1.86249
2.52851
-1.12507
-0.179895
7.48207
-2.51026
-1.06434
0.407883
4.40184
-2.52814
6.00534
0.00715273
-1.36532
-0.712827
1.4368
-0.0145365
1.76739
7.62684
1.32803
0.350269
0.829816
2.82119
2.88301
-0.730804
0.0986601
3.47656
-0.969365
-1.91754
-0.408117
-0.557659
1.16457
-9.06804
-2.30847
2.22404
-2.51949
-4.4698
0.0252426
0.589691
0.02658
1.29916
3.451
0.756757
0.730441
-0.682266
6.68391
0.214866
1.87186
-0.837411
-0.104186
-1.65722
1.53745
1.23784
0.0716964
3.04537
1.09484
-3.22297
1.02465
0.051194
-0.203784
-0.177809
3.98257
0.0307635
1.48647
0.570435
-0.997875
-135.613
-0.580602
0.60098
0.316655
0.248459
1.2938
-0.992371
195.854
1.56242
0.401047
0.587403
0.0768992
-0.567535
17.8114
-29.5082
1.00627
-0.188717
0.153248
-19.6865
-0.315027
-0.0957631
-0.0809269
-0.0320353
12.2837
-37.853
-0.340717
-3.2983
-0.860678
32.5184
0.898786
0.0149515
5.67472
1.16104
2.32393
0.100187
-8.78961
2.7825
-11.0424
1.75041
0.657556
-1.72926
1.95994
-0.410833
2.13898
-0.370303
1.7537
0.530801
17.4786
0.133004
1.7832
-2.02105
58.8618
-5.38362
1.55257
-2.07714
-1.2014
-1.91499
-25.344
-0.0941764
5.58896
0.603359
0.0994644
-1.57567
-0.761024
-0.268604
-1.13444
-0.102179
0.0978681
-14.2548
-0.192776
0.29646
-0.718939
-22.5579
1.81061
0.223218
1.57039
0.19342
-0.412447
1.82995
-0.621528
2.86714
0.697473
6.33654
-0.354762
-1.92226
-4.78191
0.372677
7.05632
0.802077
-1.26758
-1.02364
15.271
0.918511
1.61822
-1.17122
3.12367
1.4751
2.22747
1.03559
4.93885
-1.30001
-7.53346
-0.865987
-0.597697
-1.45268
6.05834
1.21652
0.140762
-0.582857
0.290965
-0.0917237
-1.04055
0.653979
-34.0422
-0.68635
0.48863
11.6153
0.959893
-3.42872
0.433693
0.833796
1.46115
0.704384
0.285886
-0.0887411
1.03136
5.20666
0.278001
2.23927
-1.82665
0.153612
-2839.86
-0.140414
0.673693
-0.670169
-1.31374
0.372145
0.0935195
-0.0813146
-0.553595
2.72854
0.44632
1.70642
-0.145186
0.0604806
1.15247
2.44242
1.07164
0.604743
3.52645
0.408686
1.01709
-1.17742
1.8836
-0.046055
-0.918317
0.350118
-0.315865
0.9826
0.192696
-0.272747
2.67765
1.34124
0.36844
37.7974
0.302144
-0.68323
0.50706
-0.790971
0.084985
-3.27432
-8.17004
0.751503
-0.0538518
-1.40295
-0.545006
0.16883
1.25863
-0.982965
-1.36688
-7.12139
5.82168
2.08773
-0.181983
0.21123
-0.209488
12.3592
-0.318522
-2.21527
0.641538
-6.1054
-2.5488
0.313745
-1.56308
0.568694
0.170133
-1.21686
-0.466338
-26.1734
-0.162183
1.69079
0.19771
0.364594
2.63745
0.408041
-3.38772
5.28158
3.21161
-2.26538
2.63769
0.514654
2.46191
0.793738
1.49898
-0.910518
-0.0167836
-2.06831
-2.89824
-64.0823
-0.220581
0.461625
0.985316
0.307646
1.61824
0.986479
-50.8686
-0.135541
0.95529
-1.75505
0.0543087
1.37047
1.29659
-0.0553719
0.0918053
0.205499
2.95552
-0.243789
-7.28163
-2.16823
-1.4797
4.58086
0.507009
-4.50261
0.515964
1.89656
2.01048
2.42808
5.04483
0.583145
0.478954
-1.37765
-0.221811
-2.66876
3.15331
-0.658347
-1.46902
1.30073
-2.59133
-9.53396
20.8629
-0.21571
0.116961
0.558887
-4.94387
0.397604
0.659452
0.35385
0.964499
3.24727
0.768749
0.619251
-1.15585
0.304139
0.420865
7.75621
-0.572683
-0.531772
-5.31922
0.0397086
-3.2041
4.7275
-0.244963
1.0394
-0.962525
-0.699583
93.0515
0.731888
2.354
-2.41402
0.0955382
0.876976
-1.21431
0.51667
-0.415499
0.668733
-1.71791
1.13741
-1.0364
0.178916
-2.42616
-0.134127
2.94687
2.20383
-0.10594
2.29048
-7.06582
-0.339713
-1.55741
0.172931
2.03091
0.0710204
-1.95215
-4.0121
-0.889799
0.942448
-1.79908
0.0704723
-0.566432
0.529789
-0.5199
-32.7445
-0.0344117
1.18875
-0.890999
-0.217741
-0.0235015
-7.87388
-0.598419
-2.47558
-0.10921
4.29472
0.43212
-2.08663
-40.2113
0.110513
0.778699
-0.992493
-10.8728
0.992387
2.8719
-0.121506
-0.423151
-36.6215
-1.39879
-0.525662
1.18176
2.63067
4.01345
10.2692
-3.69697
1.89026
-2.96364
-0.131144
4.54476
-1.15735
-3.68352
1.47519
-0.357336
-0.174827
-0.311089
0.135764
-1.01457
27.8366
-2.43263
-0.910821
0.705398
0.533783
0.167547
-2.54487
-0.629746
1.98676
-2.73884
-0.346684
-1.08223
0.201188
1.4766
-0.488082
-1.70487
2.4846
-0.130687
0.2291
-1.72275
0.206869
-0.619337
0.414287
-0.142725
-0.460304
-0.00471158
-1.3191
0.456638
-1.69942
0.718283
-3.40693
-1.20155
-0.713494
0.377155
-0.149427
-26.715
-0.201803
-0.671246
-0.418102
-0.0211418
0.596337
-0.263276
-1.18289
1.84094
-0.00103472
-3.0567
2.10548
0.438072
-1.72705
7.6221
-0.711184
0.631721
-3.40681
-4.43333
0.690466
1.26208
0.419172
-0.0998094
2.32546
-0.35121
0.0190751
-0.881859
-11.0149
-0.560946
1.14288
0.417694
-1.12497
-4.69667
4.7984
-0.10319
0.249183
0.578956
-0.0683829
1.73319
-4.65131
-2.3905
0.275254
-0.842975
-41.4487
-1.87753
-1.03047
0.00141091
-31.3932
1.24502
0.124183
12.5891
-0.929734
0.983143
-8.9778
1.64544
1.77696
-0.165288
1.03462
0.960815
-0.55817
8.61081
-1.57923
-4.37661
-3.09199
-1.56615
-1.76355
0.309195
0.299608
0.877155
0.0539833
1.5111
-0.0346492
2.1187
-0.857931
0.762937
-2.61805
2.55463
-0.154762
-1.60892
0.929564
-2.4466
-1.17757
-0.26485
-1.06146
0.819947
-2.97794
0.0850097
-0.422689
0.974771
0.763014
0.396869
0.889731
-0.0903931
-1.0444
0.42614
-2.8657
0.12695
0.742202
1.42064
0.823972
-6.49057
-1.62444
1.00075
-1.3898
-0.264268
-0.19626
-0.0671726
4.15357
4.95596
-0.925423
0.813994
0.189574
0.807667
0.0437195
-1.22355
-1.11775
0.362673
-0.943263
-0.337081
4.58168
-0.275995
0.413177
-3.53933
-1.71343
-0.582504
-1.95707
0.355556
4.39532
-0.508624
1.38241
0.596771
-0.567242
0.695117
0.529126
9.02768
-0.969189
-5.03918
0.328005
-0.135469
-0.454498
1.22501
-3.42598
0.363695
2.99498
-0.443035
-1.47391
1.55708
-0.242612
-0.597077
1.12857
-0.39877
0.336546
-0.756451
0.851047
-0.58677
2.23881
0.754832
0.358084
-0.572124
-0.179804
-0.0303971
19.7577
0.609361
-8.91246
-2.00942
-2.13343
-1.27785
1.11184
0.831515
0.586484
1.95695
1.56092
-6.20664
0.243031
0.880701
-0.496395
0.221398
-0.715237
10.0895
13.365
0.933196
-1.90228
-0.793745
-4.79486
10.0068
-1.80406
-0.534067
1.54379
0.107692
-0.3522
-34.3414
1.44478
0.58283
-1.73621
-2.2795
-0.897788
0.0813358
-0.103126
0.595924
-3.30794
-0.908177
-1.75447
-0.91809
2.76846
2.80707
-0.384365
-0.15191
-9.55968
3.37193
0.0933335
3.58425
3.42772
-2.18027
-2.75655
-7.12617
-9.23044
-0.759628
0.0277315
-1.08004
1.36119
-2.2693
-0.3984
-3.39001
-9.91185
-4.27945
-0.970971
0.454334
-0.0882063
-0.748143
-0.730261
-0.152295
0.145825
-0.764586
7.94429
-0.894009
0.54945
1.44757
-0.0140813
-0.80253
-0.421071
9.49841
-9.33836
-4.06171
-0.0128415
-1.26698
4.60473
-0.183762
-1.23604
-0.23839
0.961368
-5.87335
2.73422
-0.828128
-2.91394
-1.72431
-5.24271
0.101685
-0.960196
28.4414
0.846676
-0.0378899
1.28462
0.27762
0.287899
-0.320402
0.0200794
-0.149067
-0.136746
-86.1193
-32.5521
24.9492
-0.107257
0.873869
1.57351
-1.01232
-2.03805
0.0593388
-0.237854
-0.396452
1.06267
-0.499102
0.861948
-4.33571
-0.0642915
1.51517
1.40451
-0.613293
-0.546271
-1.77659
2.70704
0.464245
2.23484
-0.264075
1.03268
0.090809
0.131483
12.734
0.219085
39.4824
-2.62636
-1.18539
-0.218518
-1.43297
2.7031
-0.0503134
0.293844
-0.899333
1.33254
-0.201381
-0.567763
0.383614
-1.3415
3.99695
-1.52798
0.410103
1.30463
0.833746
6.25182
-12.2396
3.34403
0.0908749
0.628961
0.370144
-1.92349
3.06838
-0.524144
-1.88636
1.18965
-0.132771
-0.134211
0.730965
0.968138
-3.38717
-0.0949526
0.117935
-14.9846
-1.11623
-2.82889
-1.29514
1.36924
0.483299
-0.933933
-17.1417
4.67343
-0.432846
-1.42662
-0.323906
2.6867
0.863637
-0.680298
-0.0644535
6.63347
-0.766538
0.273153
7.40476
-0.379887
8.99324
-1.23966
-0.943962
-0.230798
-2.19785
1.0761
0.322606
25.0898
7.57904
-0.58123
-0.874332
2.70965
0.284515
-6.83132
-4.27404
-0.652298
-3.99996
-4.12104
-0.693508
-2.41202
-0.503056
-1.74781
-0.915188
-1.57312
-0.362288
-0.0542776
0.0467224
3.19806
-0.437852
-3.4146
0.585669
0.156336
-4.03175
-1.47031
0.163115
0.260957
-0.272574
0.257144
10.8423
1.2567
-1.07211
0.063379
-0.346526
-0.105009
-1.53633
-0.502037
8.69914
-1.40077
-0.292324
1.9626
-0.696427
-1.33316
-0.0954766
-0.636321
0.190066
-0.132839
0.686946
5.75488
6.95989
-351.008
0.270153
1.56326
-2.28019
8.00602
1.99746
-0.200632
-1.8557
22.1054
0.333512
-0.97009
4.06545
0.497459
-0.961849
-2.47097
-0.88014
0.0852256
0.23768
-3.05344
1.19713
-0.406349
-125.827
-0.890747
0.690267
1.31968
-0.707764
0.619158
4.12408
-0.369667
-2.27422
0.316839
-0.0390511
-0.423749
1.63323
0.460637
-5.86821
2.9113
-0.87649
-2.16409
0.37705
-1.00761
-1.54349
0.335516
-0.158005
-0.31596
0.263655
0.366274
1.04091
6.35322
0.480792
2.04141
-0.344963
1.0657
-0.378773
0.161056
-1.06673
-1.80526
5.28964
0.10805
0.315778
0.100349
-0.651208
1.45742
-7.50426
0.360639
0.707802
-0.897995
3.1294
0.891044
-0.329409
0.534523
-0.423146
0.126573
0.32815
0.508269
32.9945
-0.0754669
2.5172
-2.14354
1.59015
0.184048
0.00893625
0.0656042
-0.504691
0.36159
-1.26136
2.35804
0.226163
-1.61729
-257.701
-0.149708
-1.11793
2.21369
-6.26862
7.84441
0.546064
1.91231
0.599669
-0.364216
1.76138
0.298457
0.330088
-1.3012
1.2756
1.29969
0.120397
2.1221
-0.0341454
0.48732
-1.03267
-0.600781
0.594155
-0.199233
3.2376
0.754683
-8.08519
-0.189508
0.951499
-0.81269
-0.314302
1.05883
-1.65718
0.911791
-1.32024
1.23516
4.53824
-0.0296207
2.20702
-0.588123
1.02095
-0.993301
-2.01906
-0.0709708
-0.924635
-9.5119
0.420105
-0.332598
0.696185
2.33294
7.6139
-0.715245
-6.5187
0.224056
-0.434559
1.12186
-2.16219
0.243752
-0.385241
-0.328349
1.2712
-2.37311
-0.738824
1.70304
-1.09012
-0.283896
-0.21915
0.399355
-0.197325
-0.177508
0.137121
0.0134372
0.397223
1.18823
-1.47671
3.3064
309.817
-5.11203
-5.55728
-0.256556
-5.018
0.860088
0.118502
-1.16077
-0.840942
1.58472
9.20473
-1.98795
-0.201284
-1.2537
-11.3371
-1.80752
-1.39887
8.90393
3.29968
1.1091
0.311616
0.832966
0.566932
0.559021
0.0824187
0.0337862
-0.671334
0.249023
-0.789193
-1.6499
1.59205
-5.59714
-0.398434
-3.60207
-1.94838
-0.804107
0.80774
0.341796
-5.87661
1.78772
-0.406184
2.84479
-2.72297
-0.256845
2.62446
-0.0737843
-12.2621
-0.658886
1.52297
30.0691
0.835505
-0.533308
-0.680468
-3.35146
-0.645998
0.534794
0.81123
0.236748
-0.357113
0.347953
-0.958557
-9.00856
-0.568854
-0.326801
-2.13403
-0.214249
2.59115
20.5034
-3.86467
-5.51326
-3.77887
9.42797
0.301218
-0.997911
-1.46309
80.3221
1.52959
-0.509508
-15.9758
-0.990138
6.04055
6.43266
-0.623714
-1.39779
0.384222
0.428145
1.1334
1.69384
0.680334
1.03172
15.161
-4.62564
-1.64741
7.11353
2.95311
1.86623
3.07912
-2.335
0.412571
1.22601
0.805801
0.909944
0.0257463
-2.64627
1.49688
-0.690102
4.87423
0.662563
0.851291
1.47461
4.50564
0.17406
-0.57638
0.231262
-2.4335
1.11763
9.90302
-3.45977
-1.60895
-0.314895
-0.410754
7.44176
-2.39752
4.86117
15.9551
0.440897
-0.0755095
-0.437084
-0.385607
0.235452
-2.02776
-0.293564
0.311367
0.415032
0.274482
-1.19175
3.29839
-1.20636
0.173225
-13.6196
0.570523
-1.58626
-2.1095
2.70977
0.35118
-0.0892772
0.414208
1.01274
0.174811
-0.424738
1.2214
0.320048
0.14699
3.56403
-2.94614
-0.955345
0.220712
-0.0790852
-0.772319
-1.71097
-2.35338
0.768876
-2.74308
1.11601
2.72176
1.2211
-0.00717564
4.24905
0.226207
-1.56065
-0.493842
-3.48002
-1.85073
16.7764
-1.54594
-0.391169
-0.888967
0.260786
-1.88265
-5.47391
-0.550433
-0.0163598
0.850451
-1.80862
3.35208
0.85521
-0.805971
-1.12874
5.19785
0.790602
0.904898
-0.799609
0.776176
0.666707
-3.95993
-2.28483
-1.13158
0.182306
-0.255825
-0.593634
0.590023
-1.23468
2.13754
1.82734
0.300538
-0.717295
3.97226
0.0811563
-2.00845
-4.6348
-2.40665
-0.994088
0.267616
-3.94799
-0.493214
-0.449144
0.685954
3.68497
0.0165581
1.20336
1.95567
-120.934
1.51806
1.0145
-0.138859
-7.14697
119.076
1.93207
0.0435861
-0.558302
-3.9535
-0.937026
-4.13439
-0.0649095
-0.172569
4.95352
-2.20242
0.491705
-1.05165
0.179105
-0.432317
1.01191
1.15272
0.0321305
2.41284
-0.583853
-8.11865
0.113059
0.97849
9.89281
6.36943
0.426284
11.2382
0.109023
-3.44308
-1.13449
0.553793
-0.445408
-1.32802
0.1226
-1.82459
1.15411
1.48209
-8.16101
-26.7503
-7.0492
-0.169932
-4.9636
-2.32046
-0.770759
-1.10549
-0.535091
1.68888
-10.9438
-0.288654
-4.13048
0.560052
0.089564
-0.0745116
-5.81766
-2.28078
-0.421587
0.0571173
2.55745
0.148622
0.475045
-2.96851
-2.03089
-0.701569
-0.11785
4.39704
1.38325
3.03883
0.0258208
-2.37725
0.933773
2.91657
-1.32459
1.29668
1.0702
-283.349
-1.95004
2.48174
1.21849
-1.97237
-0.784946
-1.61141
-1.36871
-0.82344
58.6405
0.0110829
2.46372
-1.32573
-1.64345
0.707867
-3.19163
0.122152
3.21672
-0.639563
-0.583161
-0.873395
-9.82161
-0.834858
-0.300182
-6.04994
-0.256992
1.12394
6.81012
0.612767
-0.897677
-2.53105
0.995135
0.568012
-2.35575
-1.13128
0.614572
-1.96469
1.72211
-0.824112
0.340108
-0.0601168
0.286346
-0.295242
0.15564
-1.199
-28.4733
4.7406
2.17495
-0.788864
1.07512
0.179685
-1.74608
-5.14636
1.77816
0.995294
-34.2861
-0.684739
-0.529265
-0.867876
-5.57957
0.630545
1.82835
-0.290955
1.03105
-0.240102
11.529
-2.80242
-2.25223
1.5466
-0.730276
1.00787
-0.255466
-0.126036
0.656548
0.943295
0.801303
-0.27342
0.578011
0.0508013
2.42077
0.569584
0.380972
4.38948
-1.32485
-28.2485
-0.435184
-1.23323
-0.561294
-50.7547
-0.657771
-11.1776
9.71001
6.56897
0.471981
-3.17452
1.77046
-0.380448
0.473435
-0.831076
-0.156822
1.12882
0.253999
0.661478
0.510366
-0.358084
0.528203
0.398104
-2.21598
0.325846
-2.77225
4.90271
0.0391584
0.871617
-0.187821
-0.855333
-0.57703
-27.285
-13.438
-0.200534
3.11504
3.39418
-0.791614
1.82771
-0.27341
-3.14005
1.18595
0.72489
-1.28264
-0.533648
-1.94409
-2.14575
0.00778165
-1.19623
-1.08435
181.771
-2.69015
-0.162061
1.96048
0.162446
-1.40059
-0.948538
-7.45937
1.11494
3.51381
2.40794
2.75972
-3.16769
-0.363241
0.833852
1.10012
-7.40096
-1.44634
-0.0392435
-0.404015
27.6622
0.732402
0.410538
0.16898
5.30809
0.256864
-1.28748
5.4834
3.20776
0.434541
-0.140254
-0.218592
0.571867
3.0263
-0.528118
-3.66147
0.872989
4.68037
-2.29225
5.37289
-8.24048
0.145212
-0.0138039
3.08473
124.761
-0.669107
-0.800905
-0.724622
-7.38261
-0.37638
0.723241
0.30914
1.26279
8.79602
1.20234
1.05564
-0.425625
7.31731
3.01219
0.887463
-0.75503
-10.0588
1.24348
-0.573154
-0.0726897
-0.657175
-0.496596
0.392747
1.98122
0.0892022
-0.674234
0.348962
-2.92063
-0.730821
-2.29853
1.43519
0.360838
1.20744
0.161679
0.980882
1.57271
0.117533
-0.902916
-4.38227
0.495599
5.38762
3.02915
-0.113224
-0.012359
34.2522
0.911753
2.2676
0.822311
0.497316
-16.0043
-6.15974
-0.81336
-0.533987
1.79616
0.468639
-0.215449
-0.5525
1.7661
-1.33136
-13.89
-7.32793
-2.47514
5.38149
-7.83483
-0.53135
1.26267
1.40703
0.423318
-0.773876
-0.143162
1.31846
0.451543
-1.09075
-1.03902
-0.645684
-0.358614
1.32998
-0.441367
-1.40973
8.48786
0.160592
-0.192338
-7.67899
0.942474
0.287664
-0.788025
-1.0469
0.358144
-0.306944
1.19157
1.51049
-0.252304
0.794328
1.13359
0.990164
1.35724
-4.22407
2.96461
-0.259834
0.290389
-4.28066
-0.489645
1.79034
0.117217
-4.02942
-0.525161
-0.557842
1.68493
-0.874469
-1.78911
-0.289868
-0.434514
1.79994
-0.979706
-8.62495
0.20696
0.874505
1.80753
3.78371
-0.143903
-0.120092
1.76529
-0.102079
2.43711
2.67602
20.5422
-0.375856
-1.11137
0.675773
-2.17131
8.94217
-1.38659
1.383
0.551626
-3.01528
-0.272605
0.277353
1.90738
-1.27758
3.38001
5.07411
-2.72212
3.43341
0.0950063
-19.2838
0.224111
-0.115075
-0.857351
-0.108072
-0.673571
0.0892717
1.25058
-0.138715
-0.226531
0.73678
1.22608
1.99869
-0.182537
1.75187
-0.0840595
-1.34884
-0.561868
3.10555
-0.671512
-4.04757
5.89363
0.114816
0.591918
0.119719
1.79576
-3.67022
-1.74394
-0.971039
-1.06104
-1.81367
-0.105301
2.75644
2.22043
-0.468446
-0.191191
15.6938
0.891718
1.33446
-0.0767788
0.18568
-0.793342
0.323071
0.867635
-1.41186
-1.06258
0.0291149
2.07024
-5.29116
0.359304
6.28169
0.509699
2.93137
-0.157075
2.47497
0.328913
0.42179
0.775108
2.1465
-1.31942
-0.162942
0.0180753
0.156158
-0.64341
6.20546
5.88963
1.37567
-0.214426
2.47713
-0.443553
-0.832616
-0.905335
0.623574
0.126801
-0.578692
-0.451253
2.31329
-6.49963
-0.471434
2.30288
1.14504
0.235477
1.08993
1.35024
1.80983
-0.508282
2.54654
-0.103357
-1.13505
-0.0470309
72.89
1.63446
1.83682
-1.3367
0.958819
0.0822562
-0.910704
-0.25327
1.44033
0.604002
0.493591
-0.988498
2.15622
-4.26165
-0.0838386
-0.651125
-1.27017
1.26301
1.14382
1.10891
-0.0527384
0.259074
-5.20665
-4.68262
-3.22889
0.708803
1.24537
0.140988
-6.15961
-6.71061
0.585941
0.572093
1.27771
0.430405
0.611044
2.45086
0.145798
0.0656025
2.30919
0.561215
1.20446
-0.407505
0.323962
-1.22481
0.883693
1.40834
2.34002
1.66008
-1.14913
-0.338015
1.55087
0.61632
-1.13747
0.247982
-0.0183158
-0.449241
-0.0980747
0.505594
-3.07877
4.54721
2.46603
0.7264
12.8676
0.230983
-1.55447
-1.79437
-0.201841
0.775487
-0.965091
3.28078
0.515092
-0.834625
-0.294405
1.42594
-0.566155
-0.243239
2.09646
0.547657
-4.11386
8.81693
-3.19237
-0.819338
0.0761156
-3.22001
1.4638
-0.321587
0.418657
3.05483
-0.520231
1.49947
-0.517156
-1.50636
0.201938
4.22821
-1.89271
-1.48913
-5.90186
0.0764909
0.670802
-0.17928
0.0685693
-2.05872
0.931364
-4.14254
-3.11
-26.5003
0.651929
-0.378782
27.4833
6.81196
-3.72461
-0.372717
1.43175
-3.50159
-3.95353
0.116866
-0.322585
-0.0556639
0.447738
-0.0985998
1.42235
-1.38338
-0.0405267
-6.91069
-0.930558
-0.232916
6.1674
-0.00257259
-27.2563
0.000670424
-0.365355
1.15403
0.743219
0.956164
-0.352669
0.0842662
2.6878
-3.39872
-1.87664
-0.000360266
-2.6442
-0.265836
0.713142
-2.61096
0.546989
-0.345536
3.85246
-0.487641
1.04967
0.247808
-0.133321
8.37059
0.707956
-1.66491
0.229098
-3.84915
1.41195
0.579036
-3.0738
-0.566647
0.6851
-1.59957
0.839428
-0.980032
0.860421
5.30417
-0.354887
0.938374
2.14298
4.19323
3.0428
-3.7066
-0.104568
-26.7126
-7.94304
0.429923
1.58731
0.252526
1.45193
3.35188
-0.648033
0.739023
-0.192919
0.23134
-0.612022
-0.172492
6.89078
16.7026
4.89384
4.63009
-2.63982
0.806225
0.149472
-4.26365
-0.240304
0.752457
-0.192368
2.81455
4.16383
4.01487
-3.69162
-0.207538
-2.02525
2.92059
28.0909
-1.07018
0.216759
-0.173598
-0.466454
-1.3772
-0.290348
-1.34102
1.42585
0.226233
-0.125121
0.0419868
0.384002
0.263209
22.0621
-0.587816
-6.60309
2.84765
0.0909128
0.659496
-1.95224
1.02361
0.357243
-2.56375
-0.0803447
-0.50868
14.2902
-0.514761
-29.8383
-0.618444
-1.73034
-1.75771
-0.614818
6.57067
0.273914
-1.19402
1.37617
2.21504
-0.441234
-4.95113
-0.520486
0.0833887
0.261849
-1.084
1.24941
30.8541
-1.23044
2.79912
-0.297681
0.554294
0.579039
0.554793
18.7685
7.91484
-3.38857
-5.74118
0.328234
2.12027
-1.20467
1.66273
-0.299579
-0.59439
0.823235
-2.37808
-0.72803
0.567372
-0.963533
-0.528308
-1.90454
0.340366
2.46978
1.12131
-4.32422
16.9959
-1.56712
-1.9518
0.0154147
-0.250338
-3.03107
-0.41202
2.89486
-0.486804
3.49535
-0.872634
0.889236
-1.13297
-1.23121
0.174384
0.27383
-0.207781
-0.33082
0.585302
1.1603
10.5294
-716.134
-6.75486
3.18573
-0.46084
-2.53666
-14.3901
-0.064616
0.966299
1.10715
-1.22897
-1.18826
-0.510358
0.298563
1.72153
0.257404
12.2334
-1.44265
0.904297
-1.15536
-1.83155
-0.120326
0.723664
-3.74592
-14.2287
-1.4897
0.127922
0.147809
0.990283
-1.21622
-1.98863
-0.933466
1.31059
-3.14368
1.00969
1.13598
1.52879
-2.97042
2.33841
3.82801
-0.822801
-4.70367
0.262947
1.06669
-0.0475608
-1.0309
0.996741
-2.64685
0.263195
1.96251
4.34243
0.737554
2.49915
0.330909
0.072363
-15.2102
-0.559586
2.72493
0.82512
1.54171
1.54714
0.953055
-0.0688039
-3.31394
-2.49276
5.35383
0.541426
-1.75719
-0.376
-8.62165
-19.4358
-1.03947
1.00586
-3.26305
-0.132794
-0.0805058
0.371953
-0.71878
-0.0822688
-1.54426
-15.9336
-0.205177
-1.27416
-0.248445
-35.7428
-0.126355
-5.39195
0.38874
1.86456
-1.30269
34.3853
-0.750805
-1.49816
-0.892093
-0.879459
-0.0423155
-0.699365
1.01286
-0.713753
-0.121865
-0.558037
0.568836
0.61817
3.16385
0.351401
-13.015
0.0704693
0.288012
1.145
1.34334
-0.325298
115.367
-0.328139
-17.1294
3.51496
-10.4917
-0.778039
-0.849748
-1.36862
-0.580088
-0.0128321
2.41887
-0.520664
-0.694826
0.392327
0.85556
0.0168393
-4.56019
-0.101941
89.6058
-0.428002
-2.33719
0.521321
-1.80317
-0.951408
0.199026
-3.37348
9.09043
0.661699
2.33177
0.942291
-0.856345
8.03531
0.259119
-1.75533
0.239515
0.751357
5.2662
1.12015
-1.7942
1.11243
1.40675
0.566979
1.17046
-0.820818
8.09092
-0.864014
0.191712
164.363
1.37455
1.00366
1.76069
-1.1522
-1.28291
-0.569451
-2.06512
6.05404
-1.86602
0.344744
0.116911
0.991573
-1.09446
-0.0555103
4.56117
-0.530928
4.86785
0.309088
0.672814
-0.326772
-4.3558
-0.473563
-0.439729
-0.566233
-2.06916
1.01337
1.21402
0.67238
-44.3945
-0.336989
-2.39208
-0.451396
-0.354084
-4.67841
-4.05991
5.50161
-0.679251
-1.17198
-1.51741
1.41305
-0.231634
0.276783
6.02475
0.167317
2.05771
-4.17641
-1.00337
0.791567
0.791918
1.37391
1.01997
-1.27121
-3.83279
3.29066
-6.93715
0.298199
0.916377
-0.625536
-3.98319
-0.870396
-1.43625
0.0223724
0.224682
-0.0279112
-1.14835
-0.522416
0.41503
1.63347
-4.48273
-0.689739
1.70315
-0.521064
11.8215
2.44614
0.216238
0.464132
1.13041
-2.00164
-2.14413
3.71878
-0.379204
-1.24511
0.603362
0.156809
-3.27957
0.940549
0.0305529
-1.73574
0.0946968
0.815592
43.5545
-0.167524
-2.44096
-3.9005
-1.17292
-0.0116637
1.24327
-0.802212
-0.209734
-0.16188
-1.86784
0.083407
-2.82998
0.522251
1.29725
0.330316
-40.2072
-0.33617
21.5501
1.54457
0.239975
0.779262
3.43511
0.34877
-4.96015
-0.795716
5.09556
0.954048
-71.8967
14.0765
1.73057
-1.49759
-0.661804
0.97043
0.375577
0.894314
-0.0220304
-1.35461
0.151245
0.288718
7.38774
-1.53519
0.949674
-3.43086
0.134102
5.71962
-0.619839
0.122989
0.699111
0.856597
-3.36811
-2.45372
0.922307
-0.0779091
3.36192
0.20147
6.78761
0.138917
2.42303
3.19517
9.18775
-4.18962
0.354527
0.0206435
-2.45106
0.817134
0.166733
3.42879
-1.06497
-3.07431
-0.200723
0.884288
-3.12617
-1.1774
-0.0448971
-0.795664
0.595056
0.649636
-130.251
45.0694
5.70524
-1.55523
-0.453109
8.67506
0.500746
-0.227675
-0.60301
-0.00966714
22.6747
11.399
1.74085
-0.381748
1.24303
15.1
-0.891421
-3.03115
-2.53143
-0.539924
-0.977797
-4.4015
0.635664
1.52684
0.838404
-1.50249
0.56982
-2.564
-17.13
1.27937
-5.69919
-1.81711
-0.751645
-1.72396
0.144799
0.462999
-0.422538
0.0931454
-0.676292
-0.524118
0.377605
-2.11111
-2.5492
0.0813557
-2.09364
-4.12943
-4.36006
0.0798878
10.4738
0.598689
-0.171954
4.11071
-0.644419
-0.41541
1.11016
-4.06417
-0.174973
-1.41943
-0.652328
1.36045
4.07705
-0.087813
1.34277
0.286432
-1.02064
-8.23361
1.66293
-0.208493
-3.55456
-1.04863
-0.509411
1.1811
-0.370691
0.148739
1.65524
0.972885
1.05176
0.556589
-0.251911
-1.33871
-0.292695
-0.662545
-23.0295
0.00681257
27.5924
2.1801
-3.94757
-1.55734
-0.556924
147.989
-19.389
-2.83209
-1.21871
0.820461
0.147353
0.711801
0.090917
0.872987
-1.05614
-8.97692
-0.0372966
-1.49137
-1.98417
1.04623
0.319374
0.272094
1.39583
0.11635
-55.2815
-1.60833
0.607555
-100.49
-2.56727
-2.06557
-0.582077
1.02356
-35.1507
-1.97253
-1.26497
8.6885
-1.02202
0.290496
22.9125
1.74078
-0.547863
-1.12683
-12.6589
1.55132
16.9217
-0.403367
-0.209746
-1.56085
0.5981
-5.99106
-0.0413076
-9.34314
-1.26649
5.03938
-1.88598
-0.161649
1.41874
-4.51761
0.632277
0.993907
-0.95914
-0.257642
1.71005
-0.333392
16.3732
0.332221
0.584737
-0.94878
-6.99947
10.2308
-1.93103
-1.10871
0.413457
-0.542312
-10.472
-0.0563196
0.542206
0.0611886
1.64976
0.143984
-0.133505
0.18662
0.641005
1.17342
-0.4241
0.337162
-2.5963
-0.143156
-0.315234
1.05845
0.20119
6.25267
3.40899
-1.72965
0.683446
-3.11232
-1.21548
-10.1288
-1.07542
2.34699
-5.17583
2.56504
-3.10021
-4.85137
-0.773809
1.62699
6.87478
0.0316079
-0.420684
6.33405
0.668482
2.68394
-0.00613504
-0.324164
-1.17937
1.2936
-4.60955
2.79387
-1.06784
-1.13762
0.360087
0.727847
-0.0398228
-2.2133
2.51697
-0.735499
-1.77257
2.3862
-2.691
2.3898
3.00259
-6.92282
34.9681
-4.3091
0.0690682
-2.64532
3.93504
-1.33922
1.33243
0.334864
0.964323
-2.91703
0.783594
0.741999
2.5849
0.626646
3.85248
-1.02684
-0.683537
3.72533
-3.17938
4.52185
0.0927788
5.36017
3.68117
0.729655
22.5053
-1.07368
-0.312001
42.0386
17.0402
2.50007
-1.45974
-0.240306
-0.616241
-9.91955
-1.63726
-1.1241
-0.168111
0.214752
0.603881
-0.208384
0.926457
4.49219
-3.28195
-0.362914
-1.0174
1.77065
0.0774613
2.5588
1.31926
0.34662
-0.0408408
-0.0727475
1.29231
-1.52226
-0.408276
-1.01598
2.03835
-6.50975
1.31118
-0.377573
-0.226441
-0.757927
-2.45508
0.0768664
-0.93824
-1.03902
-0.620832
1.94801
0.431611
2.37839
1.83882
-1.03754
0.800768
-0.966267
-2.82326
2.69175
-0.38885
-3.19115
2.7334
0.873102
-4.03477
-1.47296
-2.27387
-0.603566
-0.824263
-0.511269
0.869785
-0.240345
-1.22947
-6.93929
1.09349
0.142332
-1.31446
0.153529
0.143386
0.705777
-2.33132
4.77182
0.710351
-15.3126
-7.5608
1.09398
-1.35392
4.27017
12.7676
0.58076
-1.56595
1.83857
-0.561374
-0.3431
0.284209
-0.610221
-1.03247
-1.3673
2.51928
1.06797
-0.400549
0.428417
3.84786
-0.86924
0.742012
4.39232
-2.2741
4.70496
0.215673
-0.179957
-6.86167
0.302641
-0.671664
-0.640192
5.0336
5.88719
0.161669
2.43528
-0.636342
0.41847
1.39432
2.60075
-0.100014
-0.962642
-9.95935
1.53003
-4.48049
-0.204425
-3.95235
12.519
-0.305596
0.529085
0.665375
-5.94368
-0.963103
-5.2102
-2.19832
-0.321273
3.62462
2.60447
-2.4564
1.71882
-0.55533
-2.06734
0.549988
-0.505326
0.170709
-143.116
-0.717999
0.502505
4.58872
1.64333
-41.2868
0.404566
4.67647
0.490947
-0.467864
0.0923602
-0.793522
-0.919734
0.881236
0.490379
-0.281294
1.11288
-0.922596
0.156067
-1.76499
0.446803
-0.601288
-0.763035
0.557178
-70.5398
-1.35398
1.46824
-1.96083
-42.1855
-0.269604
10.8933
-0.435319
-0.882692
-1.39259
0.453284
9.5274
5.41832
14.6657
16.8291
3.8717
0.678298
1.39135
-1.16517
1.77038
-1.68837
2.69236
0.487512
-0.576155
0.0343993
-0.499783
0.00621793
-0.151292
-0.986632
-0.41626
-1.5396
-0.814799
-3.55774
0.77286
-0.340507
0.359906
0.165253
0.443262
1.99023
-0.0773646
0.20962
2.67974
-0.646397
-5.69863
-0.279652
-1.22148
-0.705117
-1.12701
-0.358731
0.0729335
-6.15766
0.332321
2.87513
-0.170729
0.725841
0.0987175
-1.07825
0.404808
1.50764
-4.09566
4.63448
-0.156336
0.0847097
-0.440518
0.0209489
-0.0651726
0.832894
-2.147
-0.66132
-3.32102
0.50786
0.643983
10.8932
-1.09001
-0.293252
0.140632
-0.752456
-0.339222
0.19048
0.74981
0.842177
39.274
-7.28663
2.76294
-0.930181
0.646226
-0.580661
-630.573
-20.1544
2.84152
-0.110397
-0.315421
-0.775197
-2.94544
-0.866464
-15.5419
-2.36448
-2.18445
0.797203
1.77606
9.75944
0.884482
1.00034
-0.0974208
2.11277
-0.611923
0.602779
-28.0993
-0.515955
2.70892
-1.28997
-0.780812
1.3019
-3.90296
-4.68395
-4.78842
-0.286425
3.81986
2.0431
0.219184
3.3401
-0.443755
0.244121
11.6422
2.56701
-6.13739
30.9402
-1.59544
0.762489
-0.149236
-0.799411
-0.422427
1.29878
0.154472
0.0541127
-0.200687
-0.230082
3.85367
-1.16197
-0.845202
0.453374
1.60742
0.274821
0.39055
-0.0496312
0.599577
-1.00547
0.716019
0.0142313
0.697633
2.30885
0.315813
1.00617
-0.434063
9.5476
1.10046
-6.84076
-0.0882436
-0.0345329
-0.184642
1.40028
-1.34714
-25.4283
-0.423063
0.449837
-7.56604
-7.67649
-0.948373
0.859978
-0.139184
-0.487579
3.82563
0.353053
0.433936
1.05504
-3.38852
0.418361
1.15884
3.67116
-1.44547
5.77455
-0.202083
-0.898721
-1.5406
-0.194667
0.234219
-1.23701
8.11319
-1.02172
1.41152
5.96836
-0.322449
-1.67703
0.0781268
-0.602931
-0.689441
-0.377142
-2.68048
-0.372223
-2.32116
-1.53419
0.0860683
1.62711
-0.793433
0.729943
-3.83416
3.6999
-0.175856
0.448729
-2.59291
-12.8767
4.7593
-3.19488
0.439075
0.838674
2.1148
0.710676
0.902617
-1.16743
-1.32197
3.52884
-8.35083
0.0916679
-0.130359
0.623894
1.15882
-1.37481
2.63694
4.8433
-0.00527235
-0.549852
0.830023
0.479873
2.14947
0.658495
-22.2616
-0.247761
1.75351
-1.12165
1.6998
0.598828
-0.873829
-2.90912
4.01896
-0.0120228
-0.0246263
0.70327
1.34369
-0.458406
4.00619
-0.850941
-0.41059
1.20764
0.0426116
0.0353051
-1.8065
0.712667
2.55271
-0.607925
4.61234
0.501896
0.633736
0.543725
0.423614
2.58989
1.4245
0.287475
-9.22355
6.24112
-0.0492937
-1.06204
-0.346708
-0.716515
-1.02053
0.68221
3.55713
0.239546
-2.34892
4.30531
0.0105334
-1.7026
-0.956591
0.291062
1.79851
0.919037
-1.26575
3.23149
-16.4222
-15.8234
-1.25499
1.47336
1.29825
-0.610106
-0.670682
1.55078
-0.619946
0.529382
-0.693762
0.313028
-3.39251
-1.25286
-3.08991
0.775687
-0.527872
0.484199
0.338665
-0.977765
-5.82605
2.35674
-1.23175
-0.189612
-10.7471
-19.4731
-2.17721
-0.342649
-1.22436
-1.81229
0.177404
0.247647
1.81077
-0.961621
4.44764
-0.497833
-1.34807
0.611468
-2.1528
-0.942606
0.355331
-1.30607
-0.329653
-0.035868
1.03271
0.00326912
-0.857487
-21.0353
0.130118
-13.6606
-5.15176
0.484684
-11.5251
1.02607
-1.6461
-9.46731
0.570562
1.05052
11.7912
-0.067726
0.545895
1.08573
0.706021
2.49576
0.144995
0.932087
1.73195
4.92301
0.72091
-0.859919
-0.281807
-2.12419
0.201778
-0.641757
-1.59403
0.245624
4.88027
0.108209
0.590543
-31.7147
0.180154
-2.27603
0.328264
-14.8117
0.657811
0.427923
1.5776
-0.815694
-2.08693
-0.0744781
-0.253796
-0.982331
0.290114
4.53035
-0.666056
1.07457
0.0286846
4.41565
0.922741
-38.1226
-0.0426529
-7.79214
1.54747
0.252004
133.004
1.57455
-0.762464
-23.5852
2.93976
-4.30126
-5.2525
-0.319175
-0.916485
0.622131
-3.94918
-0.752909
-1.48308
0.566256
0.175472
-8.82198
-0.562688
-0.916403
-2.68417
-0.661395
22.9677
0.214278
3.49069
-0.307998
-0.427126
-0.632015
-0.649527
-1.69041
1.82998
-1.39928
2.65697
-0.309383
-0.31459
0.442841
3.84877
0.337051
1.09576
14170.7
2.44191
0.405498
3.31578
0.12429
-0.592034
-5.93688
0.503626
-75.3503
-12.6123
-0.269352
-0.0970957
0.00344881
2.88077
0.00772925
-2.2213
-0.209913
0.365076
-0.55712
-0.420939
1.86425
-0.101344
-0.471613
39.417
0.936209
3.82969
-0.304431
-0.311909
-0.762066
-1.00891
-2.68827
0.165911
3.74244
-0.980057
-1.33771
0.626675
-0.241583
1.17587
-60.768
-0.931629
-0.0417516
-0.761506
-0.65739
1.42525
0.457266
0.145661
-0.11425
2.9796
54.5989
-0.167167
-4.96338
-1.59249
1.12016
-1.7478
0.123664
0.042688
-0.322784
-0.295128
-4.01434
0.765671
16.6521
-0.101277
-3.76319
0.562522
-1.11247
0.231458
0.50947
1.33735
-16.4468
0.103796
3.55378
6.2895
2.10382
0.0254232
-0.353824
2.09
-0.107778
-10.5887
0.771462
-0.085027
1.0127
-1.82121
-1.59912
-1.35766
-2.7563
1.57205
2.50234
-1.27218
-2.51212
7.19195
2.29811
0.186696
-6.00595
-1.05244
-2.22668
3.39017
1.05681
0.0252055
1.4483
-4.02859
0.490293
-15.8474
-12.0463
0.00371078
-0.0177652
-4.02151
0.233444
-3.51402
3.49057
-1.27555
-1.62155
0.57031
-3.19974
-0.0233491
234.51
-0.206734
0.116632
-2.2327
-0.177019
0.0464873
-26.8812
0.683302
4.69257
0.657801
-4.72121
0.708245
1.25043
-14.1715
1.34732
0.228737
0.958635
-16.6418
-0.282615
-4.83511
-14.5464
-1.32837
0.363492
-0.57192
-6.43346
-2.88014
-0.723966
-3.19325
-0.785606
0.473587
0.478261
23.1427
0.652894
1.14419
1.10354
-0.118021
-0.396235
-0.474154
1.64536
-1.45025
-0.424364
1.02472
-0.659226
3.05695
1.0434
0.602999
0.903755
-1.86243
-2.67698
-0.435397
2.4107
0.0380973
-0.207209
54.6412
23.5101
0.771732
1.1545
-0.421811
-2.01118
0.197871
0.0529935
-1.39661
-4.4093
-0.860062
2.08802
1.73415
-0.0818616
0.580486
0.313007
0.259016
3.9777
3.3752
27.8676
-0.635452
1.97262
1.89764
1.24955
13.7117
-2.24756
-3.66412
-7.8932
-1.32229
-1.53154
-0.589249
0.315625
-3.91831
-1.62331
-0.332473
-0.135031
-0.324371
-0.231577
0.290178
-0.186137
0.0835151
-0.0785264
2.42882
0.889144
-0.730796
0.733437
-0.0757198
7.14499
1.40008
0.87696
-4.07837
0.0978135
-0.839699
-15.508
4.98243
4.63984
0.045414
-0.610377
0.503756
-0.0623376
0.0416428
0.960833
-1.20454
-4.35512
-3.34192
-1.15143
0.105504
-4.21476
-0.148792
-0.456724
150.755
-0.683463
-0.080966
-1.40315
-0.0194186
0.86652
0.865117
1.02543
-0.555827
7.12827
1.61571
0.825592
-2.07397
-0.179569
1.50147
-0.0303348
9.2455
-0.336809
1.83851
0.00402353
-1.84407
-3.01149
-0.961987
-0.458689
0.836764
0.284942
0.837619
3.13311
2.04893
1.98549
1.0019
0.721954
0.605606
-3.20123
-0.684755
-1.65482
1.44752
0.333136
2.60569
0.355221
1.25414
3.72819
0.0221254
2.32254
0.646879
-2.70698
2.01367
1.1832
0.314482
1.60179
0.0108181
-0.71571
22.3602
0.537153
7.57889
3.55808
1.57818
-0.0657512
2.00649
-0.378418
2.51534
1.14791
-1.73921
-0.0627714
-0.703486
-4.55343
17.9249
1.16041
1.12052
-4.44152
0.216244
1.54911
-0.796623
0.577143
-1.69737
0.442813
1.57158
0.383263
-16.4701
-0.852732
-0.505305
-2.73346
0.15722
3.59333
-2.76885
1.99512
1.18552
-0.0698548
-5.64856
0.375291
-1.32904
0.0267742
0.215679
0.225226
-0.22146
-0.572806
0.37782
1.8491
2.89688
-2.02261
-0.348228
4.21029
5.21195
3.53828
0.333093
0.86506
-0.09686
-0.335298
-2.02392
11.3396
-4.10178
1.295
-3.61875
0.904844
0.14657
0.530998
-1.78469
0.850052
-3.89143
-25.6326
-2.31724
1.78733
-0.084182
-0.110115
-0.00707973
-1.11178
1.71024
-0.994995
-3.34219
5.50319
-1.87505
-5.57457
-4.97681
0.572726
-0.532776
-0.686679
0.513774
146.725
1.33502
-0.121289
-2.06978
2.60331
2.62973
0.208802
15.2238
0.119182
-3.41624
-4.1939
10.5837
0.0384585
0.0685031
-0.0178004
-26.6843
3.14266
8.53056
-12.7802
0.107527
55.7898
-0.272657
2.09017
-1.17034
2.2698
-0.493922
-1.12991
-0.661998
0.372543
0.465153
0.773156
2.08992
5.57314
-1.87584
-0.0057755
-3.05007
30.5369
1.98184
1.46722
-28.1768
-5.29615
1.6231
0.115198
0.331115
-10.4932
0.391911
0.253486
0.154047
3.2366
0.889124
-0.982537
100.2
1.75402
0.669491
-1.33966
-1.12523
0.49585
1.5069
-1.40882
-2.2405
0.134767
-17.3526
-27.9967
-19.603
-0.836469
0.213332
0.0602119
0.116628
0.372492
2.57406
0.87754
6.00909
-0.569274
5.94125
-0.646536
3.59206
0.129059
1.65557
1.02526
0.222231
-1.18416
-1.16577
0.856265
-0.58291
-0.0584953
1.5348
-8.75116
-0.758745
3.06998
-0.461569
0.417672
1.04487
1.36143
-0.536705
0.759145
0.485949
-1.9339
5.32831
-0.532365
-2.57026
-35.9953
1.7025
-5.53264
1.57829
-1.27653
-1.13169
-1.4224
0.299349
-2.35
-2.6023
45.488
-0.0140186
6.44983
-0.252596
-1.01649
-0.818946
3.14596
-0.592891
0.254296
-0.777133
-0.31981
0.305809
-1.61614
7.90958
3.97062
8.7074
1.28148
1.83969
1.75444
-0.0760644
0.21534
-3.94013
-2.8121
-0.150706
-3.89379
3.50855
-1.89113
0.100032
0.132263
0.738185
0.224599
-6.3371
3.46583
-0.172494
1.72263
-0.124944
-4.5672
0.168797
-0.695582
-0.63175
1.52839
-11.8098
-2.14678
0.446491
1.72295
2.04102
1.14399
-6.7825
-1.85451
0.504578
3.25338
0.136752
-13.3782
-2.07362
1.16169
1.99629
-1.68434
-1.09237
0.200155
1.44607
3.68595
0.870489
0.794025
-0.489263
-0.26983
1.88747
0.722586
1.30099
0.327504
32.9242
0.483745
-2.02266
-0.915079
11.5171
2.36251
-0.334329
0.991489
-1.51476
-1.9803
-0.317439
0.0634672
3.16817
4.55078
-4.02609
1.03626
5.33762
0.125761
-0.194964
1.51449
0.0694628
0.23995
0.420246
-1.93217
-2.51361
-0.531653
-60.103
2.27523
0.0999718
-0.309395
1.43916
0.448331
-1.05228
0.318253
0.428097
-0.940685
-0.0405475
-1.39371
-0.47096
0.288745
-2.47737
3.86587
1.46482
1.37363
0.306944
0.550706
-0.113458
-0.0612717
4.64029
2.23992
-0.417569
-2.12608
0.70645
-0.386925
-1.5207
7.16002
-0.540116
0.200535
1.30906
0.875851
-0.451357
-0.938523
17.6286
-5.76353
4.63969
-3.40428
1.05069
0.895883
0.182106
-2.90175
1.54206
-0.421928
0.175189
0.45594
1.8517
-8.68377
0.873268
0.738228
4.36515
0.180756
1.62562
2.62807
0.0797527
6.16851
2.16455
-8.00804
1.56439
46.838
-0.28377
0.533573
-0.310093
0.818833
-0.582834
10.9388
0.045775
-5.20478
-0.583296
-0.851469
2.80243
-0.0403699
-11.4682
-7.76511
0.502339
1.48465
2.83604
0.561373
-1.40406
1.31932
0.619337
0.80901
-0.242309
-0.153086
-0.024235
0.486335
3.67933
-1.03971
1.27655
1.15942
-17.7864
-0.0526787
6.17249
-0.0944907
-304.218
-0.0990661
-1.88369
-4.39892
-0.119017
2.49189
0.0809725
-8.74683
-0.144193
17.6854
-0.577869
-0.109977
0.263386
-1.91086
-0.506023
1.34844
0.0516513
-5.18815
-8.26912
-3.22934
-13.615
0.757876
-0.3286
2.19468
0.612842
-0.947041
2.66469
1.3346
5.18196
-0.776502
0.819159
-0.805206
-0.771959
0.625693
-0.322687
2.11006
-0.388494
17.6713
-3.67884
24.2548
-2.03615
0.35533
0.892386
3.74379
7.59256
0.0828217
1.03566
-0.350823
0.815078
0.543572
130.058
-1.92507
1.39963
-0.308445
0.0477674
-1.60339
-0.0234654
25.4304
0.688173
0.361867
-0.250401
0.0422269
0.621643
-1.53642
-2.89645
1.1045
-3.70377
1.7343
-0.0993249
1.43755
-1.10534
10.0055
0.44021
-0.0911049
-8.52042
0.228118
44.2214
1.18396
1.70291
19.9244
1.55078
-2.06844
-1.58129
1.42748
-1.10811
-2.14794
0.936092
2.581
0.211808
-1.25665
2.02287
1.68311
-0.00272546
0.266406
0.0524781
4.62464
-0.0653342
-12.094
1.20166
0.427308
-1.44502
9.67912
0.0804197
-6.78972
1.03544
0.569965
1.96542
-0.719513
0.1272
1.50688
137.49
-0.296897
-0.942137
-1.28078
-37.856
1.08979
-4.35264
-0.0767769
1.55311
-1.49522
-5.64236
-7.80669
0.360692
-0.0707845
-0.280026
1.92024
0.776699
-0.526902
-1.204
-0.812143
-1.17005
-0.159601
-0.187956
12.9433
-64.5158
-28.8967
-1.12801
-5.54469
-0.764265
-1.07668
-0.476487
-0.162118
0.57839
-0.231018
0.929285
0.329318
0.207086
-1.26747
0.96365
4.16814
1.09216
8.42822
-9.98927
3.79284
1.15779
1.43837
-2.34946
0.580031
-5.62551
-1.75796
42.268
-7.39742
-0.211172
-35.8165
-1.91809
-0.140318
2.6048
-0.42393
1.93162
0.202989
-1.08189
1.71014
2.3446
0.941433
-8.92795
2.03538
0.0881654
0.00670267
5.60969
4267.79
-1.07849
-0.305931
1.19983
19.2986
4.3678
-1.64074
-1.27482
0.341864
-0.532098
-39.651
0.843532
-0.230616
2.67925
-1.9483
-0.741977
8.06389
-0.12168
2.16004
0.759109
2.13683
-1.65653
4.63165
-7.04884
-0.288677
-0.208845
1.72772
-0.393026
-1.65916
-0.694497
-0.144913
-2.75559
-0.631618
-0.0301023
-1.27941
0.594694
0.651163
-0.0186822
-7.14451
1.73002
-42.9289
-27.2647
0.0934034
1.33885
-0.529394
-0.00380012
5.68874
0.696029
1.78381
-0.591978
0.704879
-12.3049
-0.245436
0.994914
-17.7063
1.29706
-1.03775
-3.23957
-0.724754
2.05064
0.552403
-0.0508816
1.03099
-0.936387
3.18268
-0.847151
-0.0665642
1.17473
-0.325906
-1.04683
-1.38604
-4.73583
1.44307
-0.53711
-1.57753
-0.638639
0.590985
0.025269
3.34273
-3.13852
-0.0491604
0.686689
-1.20644
0.211251
0.845677
1.36649
0.2049
-147.667
-3.02685
2.12938
24.6311
1.23202
-20.4305
-12.6141
-0.460291
0.60621
0.698143
0.314733
-1.89452
-0.410658
-2.52182
-0.308167
1.1671
1.86352
-0.910547
-0.597182
-0.798907
1.86145
0.234776
0.997858
1.62061
0.667036
84.1872
-3.51203
0.639654
3.02198
-2.17307
-0.244139
-0.0548012
2.70456
-0.665131
-0.137164
-0.50871
-0.153896
-0.0770527
1.20932
-0.718506
-4.21748
-7.11892
0.222063
-0.124257
0.403769
0.903012
-0.40057
3.13776
-3.7735
-0.255357
0.992739
-2.05388
-0.100325
-19.1733
1.3143
-0.210948
5.95571
-1.93448
1.46247
-16.2735
0.34822
-0.982011
-0.696136
0.435016
-4.48885
-0.588794
0.313303
-0.720903
-0.292351
-0.181646
-0.693601
0.208942
-0.039056
-0.342016
1.51766
2.16314
6.46664
1.18868
0.641715
0.913631
0.594394
3.16457
0.672966
-2.60309
-0.360297
0.409583
-18.5185
0.276433
1.21707
-0.50854
0.0903726
-3.40586
8.07019
2.26892
3.50459
-3.34579
1.5793
1.26944
0.94619
0.150627
-0.933656
0.349229
-1.3777
0.0695482
0.316213
-0.119735
-0.527642
0.107253
-45.019
0.651616
-0.321878
19.9728
5.79619
-1.06461
0.16017
-1.22367
5.62287
-5.68671
-1.49621
2.85412
-2.5874
-6.8929
-0.170221
-0.391268
-3.68531
-0.0394674
-1.50202
7.43989
1.28228
-5.20214
-0.457544
-0.207181
7.82326
0.216198
3.62515
1.54746
0.336308
4.00773
7.36052
-0.601678
-5.16832
0.0952908
-2.0374
5.04008
0.626462
0.599202
0.22103
-1.29184
-1.94775
2.55963
0.0994642
2.64842
-19.696
0.653674
4.13227
-1.17734
0.416252
-0.623323
1.09936
0.324022
-1.07457
-0.597745
0.787555
-0.782697
0.339068
7.61491
-3.29479
1.20969
0.248671
0.320108
-2.67266
-1.08105
4.49063
-0.796421
-0.0129853
257.145
0.174335
-0.133215
1.62375
-1.46053
1.07509
6.88177
-0.656367
0.573681
-0.843858
-2.16446
0.422297
0.0538289
4.2723
1.27213
0.564728
-0.134978
1.1722
-2.21799
-4.06909
-0.967107
0.899225
-4.57719
-0.340007
-0.608737
-0.618222
-2.01644
-0.551016
-0.436823
-0.325421
0.192177
7.46217
0.780252
-1.80799
0.676841
1.02764
0.688216
1.38549
-0.822595
3.8282
-4.88166
0.145724
0.473299
-1.8277
5.14819
0.701605
5.0771e-05
-0.0398729
-0.673058
0.265333
-0.169191
0.15348
0.490933
-2.52143
9.55978
1.54892
-0.464005
0.8995
-1.07461
-2.92305
-0.313765
-2.11069
1.98839
-0.29025
-0.785735
-0.122706
0.324207
-1.6832
-0.920168
0.37654
-0.331995
-0.278899
-0.770748
4.13012
-1.16868
-1.33339
0.574845
-1.68974
1.17164
-2.33912
-4.75229
-1.91049
-1.24043
-0.792902
1.16148
-4.5811
-2.41549
0.0730509
0.678681
0.48122
-0.998369
-1.23706
0.210389
-2.29143
-0.756331
-5.33548
0.484899
1.24217
-0.414747
1.13968
0.223398
-0.282715
-1.04582
0.460984
-3.3911
-4.20577
0.537333
-1.74896
0.289275
1.35543
0.423099
10.2589
-11.8533
0.0707744
-0.190505
-0.823676
-0.712452
-1.32638
0.125596
-1.70133
-0.282425
-1.4483
-0.171878
0.753359
-3.31658
0.23871
3.27657
2.7001
3.92893
-0.707971
-0.11527
-1.92947
17.8509
-0.663625
0.0872697
1.14935
-0.324383
1.65979
2.30994
-0.730756
-9.87233
-0.338032
-0.898275
0.258706
0.63745
173.415
0.838448
0.376409
-3.70674
1.20305
-0.482775
0.883719
1.76288
0.644002
0.564179
-1.23187
-1.39371
-0.624193
-0.556857
0.34452
0.062371
-14.6538
-0.366617
-0.607744
0.579355
2.84153
0.367746
-0.264644
-0.0115744
-0.766658
3.17801
-0.471929
8.87356
1.67238
-3.14097
4.2476
12.6649
-0.340033
-0.584812
-1.13274
-0.0063542
-0.154571
47.237
1.65287
2.40588
4.47446
0.00388656
3.00608
0.120101
1.30121
-2.45417
-2.91521
0.431839
-1.00357
-5.67162
0.888023
-1.56488
-1.19232
2.44883
-1.68989
0.535621
-0.127514
-0.572265
0.905279
0.836721
-1.68118
-1.23429
-5.03582
-3.18894
1.12795
1.09834
-1.46092
-0.731073
0.299891
1.07064
0.156343
7.24685
-2.32759
-148.957
1.24962
-1.5618
-0.377533
-0.254918
-0.300156
-0.963434
0.296118
0.213879
0.9788
0.192822
-0.253545
0.307626
0.711668
-0.680087
-0.659578
-1.21838
-3.76767
-1.19245
-0.383298
-0.293486
-0.557109
1.01401
0.486019
1.43322
-0.171328
7.03233
-3.91568
29.2236
1.2575
-0.238823
-1.32896
1.81991
0.707935
-4.23773
-0.280599
-0.89751
-2.65125
0.999987
-0.230458
0.0924118
0.758932
3.67581
0.707065
-0.68824
-0.664546
0.689678
-0.195795
0.0650502
-0.0760198
0.640944
-0.0617134
0.50792
-3.13072
5.82549
0.997689
-3.56437
-3.33134
-0.0322112
0.279168
0.502788
-6.49398
-0.166814
0.609804
-61.369
0.379289
-53.6757
0.0332544
-0.615243
-0.454137
1.8073
2.93075
2.2107
-0.277725
0.0602885
2.73402
0.709932
-5.37414
-3102.01
-2.51693
-6.07691
-9.08595
1.70508
-1.3862
-3.12411
2.61421
-0.939729
-0.990454
-1.98738
-2.08955
1.62891
-0.384885
-0.0867493
1.35668
-0.27808
467.84
30.2668
0.272503
-3.92006
0.190042
-2.38435
-0.848014
-1.88463
-0.429095
-2.47546
-1.92608
-0.319334
0.0596124
6.79759
-0.870589
-6.93315
8.43271
3.2956
-4.52996
0.451479
-1.69005
0.327926
-2.27035
0.445115
-0.0507436
1194.9
1.21341
0.399839
0.421565
0.265176
-0.879452
1.89439
-0.163227
-0.0870832
-3.40502
0.609771
-2.82807
1.66579
3.28931
-0.912847
-0.144743
-0.789392
-1.3515
-0.189077
-0.582011
0.54296
0.588001
-0.290002
26.3889
-0.342348
0.802745
0.0174836
0.284373
0.649326
-0.396192
0.476172
-1.55536
-1.57101
-2.21058
0.399956
-1.80918
0.357383
1.42228
1.35791
-0.151115
0.0191317
7.04913
3.65534
-0.778925
-0.150257
0.709725
-1.41158
-0.16058
-3.31814
2.02941
6.77093
-0.542402
-1.97581
3.80886
-3.10764
-1.0077
-0.0538499
-4.1143
-14.9112
-0.392292
-5.9259
8.64873
-0.852927
-1.25369
-0.634398
0.115184
-0.0304616
1.42719
-0.650416
0.583332
1.1002
-0.123939
-1.36287
0.833028
0.462817
-1.04729
0.473244
-0.232025
-0.0866181
-0.519105
1.70277
3.8659
1.2807
-0.413438
-0.338772
0.805944
0.706961
4.66056
0.844286
2.09141
-2.07005
2.51388
0.311663
-1.2148
-1.20681
1.53098
-1.38638
-0.815071
-1.83204
-1.87098
0.847577
-0.393438
-3.71468
-0.720551
3.58395
0.138781
2.09204
-9.56646
3.00425
0.582496
0.460999
-0.679284
0.551181
0.984079
3.88061
-2.55384
-0.417439
-0.456536
-19.3993
10.9128
0.696302
0.0379004
4.59111
26.1223
2.39687
-1.50821
0.456866
-0.637351
-0.685886
3.13075
0.56779
2.45677
0.882179
0.138986
1.78238
-8.89888
4.23302
0.2527
0.912167
-4.37005
-0.542354
0.864325
-0.793103
0.508805
-0.256603
0.926572
0.103677
0.560737
4.95482
1.8746
-0.920069
-2.03686
4.58482
2.31546
1.08746
2.01371
-2.44193
1.43977
-0.200801
-0.364538
3.55557
3.7918
-0.0255618
-0.0151712
-1.09071
-1.74416
-0.933743
-0.644828
0.467939
2.30523
-7.51287
-9.23952
6.60609
-2.93203
0.309867
-0.659741
5.10628
-0.492621
0.405767
0.144295
-1.49388
-0.336823
0.634908
0.707106
-0.432011
-0.799231
-6.64562
-8.7564
1.02363
0.420583
-4.62667
1.00497
0.349726
-2.68973
-0.265612
0.712764
1.12054
-0.0425488
0.491501
-0.995469
-0.981081
0.927593
-2.32469
-0.811053
-0.647825
-0.178453
-0.507327
2.27401
1.87572
0.46299
-3.79162
-0.726485
-0.48584
0.305416
0.754833
-0.228227
-0.864433
-0.884081
-0.1789
-1.5777
-0.534872
162.161
1.26361
-0.22986
-0.393889
-0.766902
1.94444
-2.46776
0.324539
-0.699682
0.94802
0.96777
6.82982
0.596647
-0.34708
1.24934
2.56365
16.3789
-0.0746678
12.6197
2.44189
-1.19572
-0.75358
-0.0101646
-1.72697
3.88331
0.429252
-0.625666
0.594372
0.44317
0.248381
-1.57233
-2.09724
1.20222
-0.178856
-0.0908786
-1.62617
0.135939
0.582952
0.548733
-0.406771
1.45014
0.566993
-0.417087
0.323243
0.783162
-1.03618
0.10413
0.709144
-0.0125697
-4.73461
-0.396143
0.705399
1.86125
-1.16745
-0.774576
0.810189
1.83219
0.952741
0.453591
-0.749124
-2.48821
-0.949361
2.06767
-5.04251
0.114666
1.05129
-1.46171
6.10087
-51.4192
0.231682
-1.06239
-1.07068
2.74329
-0.741093
0.910112
3.28288
-0.531791
0.222809
-0.111797
0.569352
1.11228
3.51218
-0.349137
-1.42969
-0.476124
-21.3422
-0.116487
1.87782
-0.367506
84.0545
0.0510319
-18.7239
0.184157
-1.41984
-2.51689
-1.52109
-1.03255
-3.09057
2.81746
-1.13487
-2.2433
3.75639
-2.22577
-0.180376
17.2346
-1.41019
-0.71543
-2.28852
2.71845
0.748113
2.59065
-0.767777
0.054351
0.0973589
2.31959
-0.692471
-0.956965
-4.58029
11.0865
-62.6425
-1.14497
-1.9029
-2.87577
1.19869
-0.0706007
-1.24862
0.493531
1.01363
-0.0304925
1.11757
-3.02421
-1.50663
-0.146242
-5.58464
0.969629
-0.0423389
-0.384798
75.9143
1.2704
-0.927422
-0.395534
2.94084
-0.41178
4.52837
2.29851
0.719084
0.713249
-0.625869
0.605472
0.506875
29.6269
0.486688
-1.03203
-0.172234
-1.93852
-9.85178
-0.888239
13.9398
-7.88953
0.575824
-1.69901
1.13161
-0.686599
-1.57681
1.7712
-1.51769
3.20851
0.881015
-3.9023
-0.677719
99.8333
0.722199
10.3387
-0.879338
-1.08899
0.106485
-0.751513
-0.0798886
1.13444
0.678374
3.14782
10.7281
-0.145188
-4.54968
0.359263
0.840093
-2.86869
0.606295
1.48552
-1.44513
0.0387783
-0.0337053
0.68579
-3.04927
-1.48234
1.66826
-0.970792
0.645802
0.570874
0.064431
-4.20194
-2.10925
-1.50689
-0.182218
1.38974
-0.716563
-0.38445
2.98376
-4.75283
0.908033
-0.0650379
-0.568103
-0.285721
1.25411
-2.74265
1.59766
-0.463112
-2.76076
0.968636
-0.0682961
0.377692
-0.552584
-7.13692
5.21114
0.631759
0.0749596
-0.539645
0.210291
-6.33148
6.37763
0.330008
1.52241
-1.27899
1.19466
4.02529
1.1918
-0.292506
1.18859
1.1993
-0.288023
-1.31556
-1.39431
0.688125
-0.0973349
-0.484475
-0.0553355
-5.31682
0.174115
-0.0528751
-1.73358
-0.915862
-8.41201
-0.133663
2.50647
-5.2289
2.80304
-1.676
1.92204
0.074619
0.753999
0.699875
1.05607
0.319072
-0.71354
0.0103678
-1.31213
-0.201449
-0.12521
0.330132
-0.921978
-0.50572
-0.696965
5.67672
7.49261
-1.11295
2.92674
0.300467
0.601659
1.32338
-0.323305
-0.0816053
0.0957407
2.89685
-1.43711
0.0793655
12.8375
0.311745
2.30174
-0.630539
0.754884
-0.416044
111.607
-5.63768
-3.67056
-1.97843
-11.1391
7.52079
-26.2791
-0.0479849
-0.317115
1.96477
-4.32816
-0.283039
-0.309163
0.549625
0.0304349
2.29706
1.62294
-1.459
-0.804323
1.03127
1.90762
-0.222666
-3.86373
-55.3524
12.2897
-6.44756
0.767259
10.9304
-5.95359
0.323355
1.80446
0.535925
0.674697
-1.8086
-0.138809
-1.97011
0.049772
3.18115
1.20385
0.741678
2.07573
-1.56926
0.896238
0.255277
-0.454756
-0.550886
-0.817843
1.29596
-1.54557
-0.158899
-1.88252
-0.43787
-2.84395
0.390694
0.284787
0.806525
-10.6213
-0.174006
1.32
7.03633
1.1181
-0.0106493
2.31828
19.8432
-3.50744
-0.133139
1.31003
-1.43514
-0.360333
1.50624
-105.509
-0.104134
-2.89945
0.189392
6.50796
-1.42608
-0.226582
0.0839178
0.564183
0.302536
-0.242489
-0.294567
-2.46032
0.306535
-911.423
0.168669
2.3396
111.74
0.218467
6.75511
1.35638
-0.187077
-0.0394813
0.833481
0.282218
-5.7024
0.405074
0.263788
0.980843
-0.440264
0.00214175
0.458407
-0.0358723
-1.01759
0.477209
1.23992
-3.71536
-1.04091
0.621632
1.14344
0.110348
1.07705
1.80957
2.19248
0.381992
10.6196
-0.660601
0.22989
-0.161307
-0.81006
1.29538
1.16783
2.04918
0.373334
-0.587726
3.17966
0.831129
-0.373634
-0.331094
0.389243
0.152122
0.146412
0.145073
0.396076
-0.954549
-0.100335
2.0752
2.29974
-3.14156
1.18544
1.1157
0.266548
-0.743943
0.512884
-0.446422
2.51365
0.990337
-1.89588
0.659604
3.53601
0.707121
0.250556
1.64489
0.782683
2.68182
0.393389
-5.24391
1.32152
-1.19103
0.132623
-0.920573
2.19993
-0.542828
-1.52245
-1.43245
0.452619
6.43373
2.21141
-1.15218
5.16966
-7.13461
1.68441
-1.47924
2.54686
-0.334415
10.2488
3.15439
1.40756
3.3899
12.6171
10.9489
-0.78772
-0.0116882
-5.03426
-1.71292
-0.702707
-0.671149
0.915921
0.250028
10.0092
-6.83736
2.3066
-0.44753
-3.23303
-9.69007
0.388441
0.763305
-51.0883
0.910027
-0.548309
192.818
0.369003
-16.18
1.82235
-33.9556
5.80524
-0.448813
1.06765
-2.70071
1.20454
2.01198
10.734
-2.53393
8.66926
-0.329668
-1.36615
0.360819
-0.0789462
-0.872046
-7.20985
4.30732
-12.4642
-0.233016
0.887984
-1.22926
-0.59957
0.421125
1.98131
-4.7677
1.74268
0.747373
-0.619179
-0.433833
2.88079
0.454296
0.231916
-2.514
2.31276
-0.558898
2.69901
0.959415
1.07681
-0.73877
-0.197506
0.147891
-0.57685
-0.882731
-0.505098
0.637673
0.538282
-0.544871
0.305339
1.27271
-0.776997
0.54878
-1.10381
-1.00105
-3.77131
-4.31627
2.094
0.284336
1.62354
1.25928
0.418283
-1.55088
0.191523
21.8867
0.106148
29.3188
0.0326034
-3.57992
-27.5466
-0.226327
-11.251
-39.015
13.3086
-49.04
75.2797
-0.160767
2.27998
0.253028
-0.180244
0.984745
-3.86885
-0.07843
-26.4179
-0.402387
-0.104772
2.50078
-2.00264
0.332921
-0.416694
-5.52561
0.365983
-2.02247
1.37881
-2.98552
-6.05026
-2.78491
2.91932
3.20467
5.02685
0.165734
-3.92657
-53.3722
-1.43097
-0.343555
0.097508
9.10066
-0.595164
-0.312955
0.805001
0.361508
0.819545
-3.56782
-45.6105
-0.199714
-4.40048
-0.569205
-1.15147
-4.94838
1.86422
0.241319
-1.4496
-0.547061
0.282702
-3.43332
80.5685
-0.680489
2.12637
8.86055
3.51085
0.841174
-0.366244
2.31235
-0.720083
-0.631043
0.85985
0.328526
5.2713
-0.0815377
0.220058
2.52783
0.222867
-2.46265
-0.720741
0.13074
-0.471806
-0.971228
-1.63594
0.641935
-0.939038
-0.446862
1.25656
1.56191
7.26053
0.0525878
-1.1634
-0.091476
-0.640127
0.628419
-0.276055
2.67782
1.85959
-2.47567
0.808661
3.10331
0.455399
0.133782
7.06693
-3.15349
15.2757
0.135256
-0.382636
0.198651
-0.227436
5.32266
-3.85636
0.30809
1.17739
-2.17978
0.191904
0.970943
19.27
0.0451734
-1.95076
-0.097011
-0.131269
-0.0160902
3.3932
0.294112
0.663059
-0.102665
-0.08459
0.195477
-0.426532
-0.529826
-0.533153
-0.942259
1.14973
11.0862
0.295759
1.15961
3.22668
-26.7279
6.41751
-1.18171
0.826816
-0.714028
0.536367
-0.988023
-1.25565
3.9603
-1.40153
-0.676084
0.862692
-0.126225
-0.205678
-0.65545
-0.218219
-2.12463
-0.982094
0.351615
-1.50164
0.00878224
-26.5491
-0.0290956
0.076875
-0.167149
0.788363
1.88752
0.363581
-0.503568
0.920612
0.0848844
-0.00201279
4.24352
0.104321
-0.393261
3.30733
-0.753799
-0.0715131
1.00958
-2.43719
0.225395
-0.0413107
-0.33048
-0.129431
5.32443
0.850808
0.46643
1.90307
2.93062
4.90912
-0.201776
4.93017
2.21319
0.365812
7.35521
-3.38558
-6.58491
-1.10887
2.28976
-1.00651
0.633153
-0.328434
-0.475613
0.39438
-0.296464
0.173782
-0.159426
0.310663
1.26173
-0.0690384
1.26108
-2.6166
-1.67523
-0.112939
0.138243
-13.0459
0.128714
-0.151131
0.181434
0.74295
3.25932
-13.8092
-1.85915
-0.207588
-4.26088
-0.521023
-0.0256366
0.146844
0.242869
0.944344
-0.375823
-0.126954
0.052171
0.0164573
8.52059
-1.08557
-10.5129
-1.6014
-0.329033
-2.02045
2.30166
-1.20337
-1.21273
-2.26009
-0.21794
-0.00262946
0.245728
2.35539
-1.00038
0.580515
2.19744
-0.582205
0.465099
1.30405
3.67476
-0.238008
1.15349
-1.61653
1.85395
-0.105302
-17.6934
-0.187902
-0.632435
0.622129
1.35329
-0.269999
1.56349
21.2247
0.670408
-0.405213
3.20175
1.16881
1.27449
0.0995008
-0.731119
-2.62648
0.633392
-0.00765914
3.11119
-0.771683
0.0819845
1.33905
-0.422961
-1.55123
-27.5994
-5.2751
-0.592381
-0.991237
3.77786
1.6764
-0.194933
-0.150031
-1.71863
-0.455178
-1227.24
-0.0726424
-2.0861
5.13323
1.23716
-1.34242
12.1975
0.061879
-332.773
-1.7643
-0.400667
0.472108
-0.405511
-1.58333
-0.46612
0.3331
-0.862882
-2.13638
2.03016
3.23471
1.04081
-2.52521
-29.5922
-33.4808
-0.345177
0.786688
-0.128864
-1.43078
-0.473782
0.152882
-0.422149
-0.65212
-1.55846
0.189868
0.577633
1.83481
-1.54559
-0.0480193
-6.33149
-0.203619
-1.04352
0.226543
-101.298
1.56502
-2.37931
-0.841096
-8.41611
-0.343162
-3.75275
-3.86964
1.4547
-0.108477
2.8104
-1.18449
1.53684
0.0502388
2.59958
-0.248103
0.0938221
-1.28042
1.36416
-1.80805
1.23522
-0.595434
0.259125
-1.11073
-0.76366
2.22001
-0.314707
0.804121
-15.9242
-492.641
-0.498444
-0.215938
22.0299
0.0627569
-0.963385
-0.414033
2.63911
0.309592
-2.30651
-0.667307
0.361266
0.393885
0.713254
-4.12125
-0.239804
11.1585
-0.966401
0.588629
-2.33447
-0.965368
-9.13132
-0.0615221
-3.0838
0.369467
3.16521
-0.34246
0.182628
-1.0582
18.9596
0.415549
1.41429
-1.32377
-0.409305
-0.0824054
0.149702
-20.99
0.870316
-2.57724
0.678813
-0.903683
3.32384
1.40081
-1.45015
5.13201
-0.0611326
0.200682
1.15689
0.369908
-5.33086
1.12456
-0.686751
-10.4957
2.90564
-0.323082
1.58828
-60.6118
-0.431558
-22.7831
4.3058
0.725227
-1.3132
1.68233
0.0336163
0.933618
-0.554184
-0.649224
-1.04761
0.109286
-0.0757627
-175.68
-0.507638
0.0299613
-0.414201
-17.8759
1.03422
0.689179
1.17192
-1.73573
-0.473045
-0.523651
1.75151
4.08458
2.1064
6.61625
0.83493
5.02066
44.4021
4.17263
1.02746
-2.6738
0.342414
26.6736
-1.42781
-0.41917
-0.680254
-5.42265
-0.330095
0.274522
2.89515
3.25817
0.396987
-7.2552
2.35468
0.600212
-1.02767
-1.83827
1.7152
0.351291
0.654382
1.05299
-0.438846
-4.12132
0.0674611
0.262058
-0.0182277
-7.43618
1.84926
-1.95699
-0.142498
1.59383
3.13379
-0.967183
1.84207
2.56169
-0.0223353
1.21484
1.43594
9.85594
0.000566284
0.04538
-11.1067
0.675134
-1.51645
6.32837
2.24271
-7.18238
1.05894
2.80733
1.89026
-2.18866
0.845121
2.98129
-0.75855
0.0834858
-0.474496
-0.766412
0.118505
-0.660082
0.10528
0.195576
0.290986
-2.38466
1.10236
0.0560418
0.98386
0.717704
-1.69224
0.303939
3.5572
0.7099
0.0958072
-5.52325
1.49288
1.60213
-0.647315
1.27749
0.155764
-5.14592
8.71806
0.254145
-1.69886
-1.23279
-1.82033
0.403278
-5.27762
0.234122
-0.756859
-5.00738
-2.86187
0.556103
-0.0366502
-4.13104
0.2292
0.747923
4.75827
18.4878
0.330181
-0.669596
-0.309188
-0.24936
-1.1905
-0.0894949
11.0891
-0.0274943
-0.0437834
1.02758
161.274
-1.86747
-1.07729
-58.6958
-0.0158155
-18.3254
0.685993
0.11938
2.07671
0.99041
0.496765
-4.80633
2.58463
-1.21485
1.38525
-1.01258
1.23992
-0.323985
-2.73136
1.42574
0.550973
0.804626
0.5629
0.582113
0.254486
-0.0453871
2.58235
0.311217
-5.69953
0.0887863
-0.71552
-3.63973
-0.905797
1.98424
-0.503374
-1.31575
2.04889
0.560425
2.32238
-0.716686
0.377566
0.558928
-1.26747
-1.91289
0.709594
1.06661
2.6154
-0.340168
-0.519364
9.22474
0.770135
0.0454218
-0.356721
-1.01034
-0.056379
1.31211
2.34778
0.548096
9.56941
-12.9606
-0.261297
3.84931
7.70654
0.755905
4.40542
-7.72048
3.27947
0.963698
-1.43661
-0.442913
-0.729261
-0.0297282
-27.4983
0.377476
0.805541
-2.64355
-1.16425
-1.23801
10.9844
11.8957
4.07587
-0.532132
-0.335973
0.746676
1.33939
0.196355
0.769254
-0.67103
-0.522787
-15.4612
-0.510468
-0.192349
-0.959633
0.200211
0.112721
-0.204625
1.24409
4.67485
0.042718
0.49338
0.266666
0.364909
1.09361
0.416807
0.974397
0.0584992
-8.11318
0.643018
-0.804503
-48.5495
-1.2421
-0.798333
0.126295
-1.6727
39.4163
-0.0476744
-0.738981
0.216679
-0.306905
-0.122643
0.14937
2.78476
-3.99428
1.66185
13.8273
-2.68232
4.46013
-1.80109
-0.574778
5.70027
2.57429
0.297706
1.39421
-1.09974
1.42743
-8.99252
-0.0668859
-1.05797
0.366406
2.20622
3.5625
-0.742674
45.6017
-0.122633
-0.0745068
0.205882
1.83939
-1.87178
-3.08704
-3.3274
