86.41
102.28
91.68
100.69
88.62
69.63
89.36
104.21
103.73
95.07
124.18
97.56
103.17
131.81
96.77
132.12
86.45
93.66
111.94
97.01
92.38
108.86
92.96
105.6
90.93
100.11
87.96
93.56
127.82
97.32
98.71
96.76
119.99
56.23
93.02
82.53
95.33
100.17
87.2
82.88
92.98
102.58
92.12
84.02
96.43
93.2
101.72
116.2
104.17
95.17
75.25
84.74
116.4
112.16
96.65
104.36
143.43
89.17
100
91.59
78.81
90.72
97.75
124.61
67.53
105.4
100.45
90.52
98.16
88.42
111
93.44
85.81
102.49
103.45
93.01
93.71
65.71
78.2
107.24
107.83
100.5
106.88
125.06
111.03
97.97
115.1
101.57
91.32
102.96
96.44
84.4
95.11
89.87
96.17
103.46
115.88
117.46
105.67
84.49
