0.130849
1.30804
0.648393
1.22088
1.06717
0.464413
1.49632
0.184313
0.327439
0.0174531
0.0668269
0.265473
0.679691
0.65227
0.298263
0.638274
0.959223
0.0876886
2.68627
0.69687
1.15838
1.05542
1.13438
0.128925
0.86102
0.0542036
1.45143
0.256325
2.51152
1.67817
0.143644
1.24975
4.2319
0.318487
0.772516
0.656872
0.241713
0.121327
0.299792
2.32546
0.273905
1.38139
0.224668
1.12372
0.510678
4.30208
0.574275
1.86929
0.858075
1.20955
0.328427
3.03198
2.13642
1.52291
1.77329
1.34175
0.301691
0.793632
0.886498
1.21938
0.417997
0.0402137
0.239694
1.82326
0.0582323
0.0909209
1.57532
0.425158
0.582574
2.4787
0.0811244
2.32664
1.73886
0.207556
0.061966
0.0130448
0.1643
1.73707
5.19409
0.590971
0.912317
1.4201
0.684801
0.444726
1.57836
1.65573
1.19834
1.35671
6.5086e-05
0.351494
0.978939
0.117002
0.524305
1.25252
2.15794
3.48788
0.403283
1.60095
0.96271
0.773713
0.776863
1.08735
0.201868
0.555085
0.234129
0.395059
0.718757
0.734609
0.0543469
2.3409
0.346097
0.25703
0.0786891
0.0169519
0.138319
0.423809
0.0654232
0.810221
1.39207
0.494923
0.624193
1.71552
2.72767
2.82011
0.933039
0.340768
0.380926
1.33643
0.414899
1.43617
0.828277
1.10035
0.137599
0.673422
0.570506
0.707627
0.49148
0.0152704
0.257876
0.454545
0.5238
2.76626
1.48996
0.12239
0.918097
0.838908
1.36288
1.59909
0.00995528
0.764943
0.362479
3.12654
6.02932
1.52988
0.51745
0.185814
2.07992
0.154573
2.14302
1.12141
1.91768
1.0082
0.524485
2.08691
0.150184
0.0436977
1.89772
1.66319
0.309162
2.37746
0.106655
0.165301
1.57934
0.0716882
0.878604
0.278419
0.563073
0.164842
1.2927
1.53278
0.328351
3.30698
0.713976
0.405237
0.613491
1.173
2.58117
0.781355
0.981527
3.55706
0.749597
0.213802
0.109391
0.593135
1.27172
0.713568
0.24933
0.268631
0.42217
4.14283
0.274943
2.3751
0.212684
3.30741
1.82515
0.0139543
1.15944
1.11753
0.596208
4.02638
0.881701
3.45546
6.01582
0.313782
1.95376
0.148597
0.816099
0.0866025
0.0794044
0.450792
0.313356
1.09677
1.01615
0.0647342
0.680397
0.19253
2.384
0.332005
1.00939
0.717773
3.75808
0.721182
0.347866
0.124748
0.160056
2.28679
0.683017
1.16623
0.658386
0.988265
0.994881
0.0680555
1.47933
0.751734
0.536812
0.107456
0.179117
0.376891
1.19126
0.269909
0.372409
1.54828
0.278701
1.21328
0.531653
0.497847
1.65571
1.67427
1.52686
2.80195
1.08862
0.929105
1.18292
0.0791726
0.867028
0.337497
0.154336
0.124166
1.6873
0.428529
2.70542
0.247379
0.000519761
0.0274248
3.57496
0.845132
0.0666161
1.84355
0.0680066
0.26692
0.359537
0.444702
0.99671
0.951574
0.766628
0.0259293
1.30389
0.109511
2.70005
2.88891
0.945118
0.555229
0.692056
1.5877
0.852369
0.497512
0.715939
1.40946
0.36392
0.475007
0.258204
0.2518
0.194332
1.12619
0.10781
0.560684
2.53079
0.0469487
0.518798
0.943257
0.0182403
0.365017
1.1075
0.338127
1.48118
0.852741
1.23449
0.564421
0.721015
2.45439
0.0589467
1.70329
1.12001
0.806954
1.06753
1.11893
0.84599
0.86797
0.428157
2.36948
1.04699
0.0871235
0.374461
1.0411
1.04049
0.0745759
3.12479
0.908156
1.22683
0.182466
3.71958
1.51926
1.54169
0.075575
0.352263
1.1494
2.18597
0.131034
0.560005
0.605797
0.950912
1.67325
0.506265
2.47131
0.385625
0.180271
1.98507
0.504623
1.4259
0.0111812
0.336933
0.113649
0.71003
1.69296
0.0785431
1.20508
1.18067
0.812109
0.742926
2.77802
0.870374
0.389307
0.047709
4.29268
0.578122
1.71482
1.28476
1.32514
1.28835
1.31731
0.666059
1.39264
0.17583
0.0393951
0.515996
0.0270754
0.74835
1.60703
0.626616
0.598065
0.0818088
1.07866
0.0436035
0.176734
0.628837
0.482147
1.29209
0.413799
1.20153
0.0829595
1.11904
1.45447
0.302742
0.683415
1.45492
0.993549
1.86821
1.12848
2.02187
0.426603
0.370182
1.13698
0.393162
4.34092
0.59125
0.826461
0.64107
1.71745
3.08658
1.97255
0.399887
2.39159
0.853633
3.22827
2.94058
0.295034
1.55915
0.436979
2.93956
0.0311336
1.21563
0.980567
1.0138
0.980128
1.34091
0.193434
1.6906
2.25327
1.09907
0.247091
2.00971
1.88094
0.139163
0.41379
0.0686781
0.243948
0.334786
0.0631322
0.183276
2.49573
0.697787
0.331333
0.271033
0.213815
0.157393
0.172033
0.749287
0.514872
0.439926
0.112995
1.13672
2.213
0.725974
2.71989
3.882
0.111027
0.879619
1.51851
0.808356
0.294938
1.90317
0.856459
0.527242
0.193142
1.68483
3.66162
0.0347978
1.48147
2.17254
0.509048
2.51809
0.621252
0.457563
1.17563
1.56264
0.401089
1.55494
0.179272
0.909968
0.500443
0.093649
0.452299
0.490437
0.378774
0.415293
1.33816
0.0585967
0.189506
1.43076
0.838369
1.12438
0.662209
0.986725
0.0288134
0.875668
0.878697
0.37876
0.0285983
1.51826
1.04907
0.255764
0.927954
0.287285
0.219402
0.912558
0.0821941
1.65576
1.2644
0.415679
2.39408
1.87472
0.279862
2.21419
0.268147
1.84774
0.125022
2.19199
0.659206
4.04218
4.37359
2.51938
0.0512972
0.43329
0.179214
0.00035801
0.126811
0.226056
1.8182
0.889911
2.44837
0.948108
0.490862
2.41802
0.432
0.651799
0.0304097
0.169235
3.27457
0.265446
0.471908
1.27619
0.216399
2.60469
0.14989
0.0714674
1.42543
0.497702
0.175854
0.00550251
0.824983
0.0915193
0.256909
0.24232
2.47142
2.20525
1.19231
1.36428
0.287921
1.05206
2.35149
1.51568
0.363723
0.95235
0.613413
0.802599
2.68701
2.81611
0.118737
0.624696
0.0536701
0.738762
1.25495
1.14419
0.0516708
0.038281
2.1447
0.318837
2.90214
1.34538
0.685872
1.53615
0.0418302
2.16374
2.37263
0.940456
0.580837
2.10388
1.67212
2.27385
1.55915
0.248242
0.174886
2.30724
2.64771
0.192856
0.160867
0.994278
1.35902
1.1787
0.521668
0.642648
0.544477
0.812702
1.55487
0.0465056
0.87784
0.0211591
1.86192
2.56981
0.37143
0.245183
5.00124
0.208458
2.1974
0.761613
1.22533
1.1333
0.521862
1.81801
0.868561
1.40104
1.12231
2.90338
0.0843091
0.0117699
1.94342
0.0157802
2.91453
2.02171
0.299002
1.31931
1.43664
0.239451
0.175836
0.0363227
0.0607323
0.604107
0.412185
2.85065
0.521851
0.155682
2.59153
0.828611
0.649911
0.180623
1.22058
1.59232
1.54925
2.48491
0.726011
0.467223
2.51555
0.448437
0.720972
2.90083
0.581694
2.38231
0.346171
1.23655
0.549745
0.101409
0.71273
1.23767
0.665071
1.87171
0.830834
0.480692
1.05644
0.935728
0.149316
0.200032
2.41907
0.215591
3.03937
0.217347
0.456209
0.31817
2.95204
0.715323
0.126772
0.795592
0.369632
1.73209
0.927418
0.720381
0.213748
0.298514
0.0123481
0.349834
2.01774
1.24685
0.975304
0.987322
0.0668455
0.147439
0.533063
0.26366
1.48981
0.147326
0.129571
0.0161118
0.607047
0.0202951
0.113645
0.507621
1.16282
4.37091
1.60692
1.57228
1.09045
0.787565
0.353539
1.77875
0.862664
0.526672
1.51524
0.278628
3.69016
0.200076
1.4238
0.646289
0.55687
2.17093
2.87489
0.127161
0.704725
0.110113
0.659645
3.79591
3.24975
2.01122
1.2193
0.268858
0.285605
1.31006
0.105355
0.867745
0.106941
0.786375
0.325922
0.4347
1.26007
0.306007
2.05271
1.97761
0.335489
2.19864
3.45695
1.705
0.115097
0.114274
0.770519
0.751509
0.39588
0.738966
0.738574
2.96485
0.525142
0.676684
1.64958
5.98156
4.07641
0.811532
0.0883415
0.963133
0.396974
0.175409
1.58315
5.01621
2.12272
3.84135
1.59658
0.0457074
0.719213
0.674337
0.175956
2.16015
3.78594
1.21575
0.863903
0.267373
2.61935
2.00514
0.342084
4.47174
0.248159
2.05227
0.128394
0.0799924
1.71573
1.14744
0.284178
0.840568
0.80862
0.723779
1.04851
0.805076
0.225729
1.7544
1.87426
1.39715
3.40071
0.202356
0.657232
0.0450618
0.267396
3.55568
0.875007
0.104075
1.21472
0.993286
2.48834
0.236894
0.604878
0.80466
1.3675
0.0334203
0.427862
0.180559
0.711811
0.549199
0.271833
1.49538
0.653643
2.18259
2.42917
1.49624
0.290709
0.237108
0.571374
0.686709
0.113194
1.45254
0.918032
0.940672
1.27101
1.3036
0.831908
0.410878
0.636217
3.29322
0.559017
2.6574
1.19604
1.14713
0.704826
2.11516
0.954449
0.172974
0.408024
0.153941
0.43564
1.30203
0.092225
0.355667
0.855465
0.135108
3.86378
5.1241
0.634713
1.56274
0.690033
0.328268
0.846837
0.181568
1.97487
0.780417
1.59841
0.352782
2.48732
0.832829
0.506811
0.0026198
3.01867
0.0026376
0.0523836
1.58634
0.352232
0.00221257
0.342133
0.457557
0.644915
0.0794189
0.905204
2.65035
1.21611
0.548694
0.0678568
4.7714
0.0340809
1.8854
0.452364
0.299863
0.13246
0.242055
1.74382
0.276841
1.22627
2.05383
0.0381267
2.21443
0.178388
2.89962
7.431
0.125141
0.385517
0.760948
0.0349956
0.511902
0.77965
1.99417
0.0382079
1.85318
0.746945
0.352293
0.420328
0.026077
1.62702
1.10481
0.735444
1.50428
2.06142
2.84329
1.34531
0.915451
0.173463
0.443441
4.95263
2.04411
0.72544
0.470371
0.557433
0.234714
1.99717
0.773225
0.351214
0.490622
1.37736
0.153068
1.02501
0.0498607
0.0595017
0.0310506
1.20537
0.1495
6.62167
0.247049
0.288968
0.594643
0.636445
0.139119
0.959706
2.61062
0.653497
0.226055
2.36474
0.80638
2.51787
0.462564
0.203572
0.595795
0.138891
0.667164
1.42537
0.999238
5.40348
0.155864
0.722547
0.477736
0.0296213
0.774143
0.372733
0.659306
2.05315
0.0304168
2.22868
1.92226
2.96269
2.00916
0.522223
2.64742
0.998365
0.195199
1.24307
0.0851556
0.210139
1.52536
2.74845
2.00131
0.0424002
0.9296
0.581973
0.393119
0.496376
0.857005
0.306615
1.80941
0.195361
1.42842
0.527429
3.08399
0.608724
0.186424
2.80959
1.00508
1.71443
0.209507
1.19021
1.69956
0.309769
2.26444
1.2597
2.04887
0.0332143
1.12658
2.45097
1.04027
0.437947
0.61615
0.553895
0.0250561
1.8204
1.1962
0.206102
1.30972
0.207774
1.27349
1.35968
2.49334
0.516853
0.790534
0.093235
0.847802
0.265421
0.46173
0.491486
0.121778
1.06089
3.57417
1.96382
1.46995
0.636333
0.136568
1.5484
0.243541
1.27713
1.19178
1.07356
1.83927
0.716554
0.772983
1.39814
0.72461
0.162601
1.05192
0.184907
0.235343
4.63882
4.16223
0.231924
0.00667033
0.313191
0.339044
0.403474
0.104939
0.502584
0.0108458
0.679895
0.239407
1.02935
1.70448
0.685036
0.789192
5.83575
0.830032
0.379147
1.68693
0.0224161
1.30389
1.49686
0.297237
0.0477029
0.283872
1.83691
0.808719
1.20736
0.552291
2.44078
0.811371
2.27064
0.214168
0.00726112
0.496289
1.19837
0.441073
0.535488
0.126947
0.250248
1.06265
0.859772
0.488855
1.13173
0.65369
0.32477
1.39657
4.56675
2.51584
3.44208
0.350663
0.0178008
0.501138
0.0708476
2.4818
0.449088
1.02794
0.532516
0.413844
2.99751
0.0231471
1.09146
0.271866
0.187426
0.23006
0.640241
0.142702
0.1929
0.195292
0.563169
1.31556
0.16631
0.224898
0.607534
0.2982
2.07209
1.9693
0.144367
3.09457
0.897413
1.03181
1.46464
0.569166
0.744166
1.07776
0.473548
1.75128
0.779005
0.00653212
1.4113
1.55537
0.590262
0.0865674
1.81833
0.409299
0.334853
1.18482
0.0453132
0.208053
0.636538
0.207256
0.120937
2.00265
0.234312
0.0426122
3.00657
0.112534
1.12987
0.43368
0.603442
0.437609
1.3476
0.596074
4.11589
0.0210714
0.85555
0.796394
0.172907
0.0381522
0.726576
1.38595
3.8811
1.57338
1.13808
3.25458
3.33205
3.49799
0.612847
0.539782
2.39216
0.0250192
2.04685
0.356639
0.175545
0.0841949
2.30405
1.22221
2.28706
2.00006
0.621134
1.11751
1.47597
3.62566
0.596722
0.406508
0.70215
0.264935
0.496491
0.441564
0.810593
0.221658
1.32194
1.66119
1.48336
2.9981
0.578113
0.390584
0.149251
0.265119
1.21092
5.23202
0.143582
1.36564
2.36117
2.03417
0.0545277
2.12376
1.04451
0.0129206
1.07661
0.94468
1.03142
0.231712
3.79144
0.406962
0.940051
0.116044
1.32507
0.693946
2.02753
0.448522
3.43425
0.956939
0.382068
0.804419
1.10785
1.69907
1.0842
0.261074
3.38946
0.97558
0.44197
0.204122
0.362291
1.20598
0.863482
0.163357
0.475345
0.718122
1.20194
1.29094
0.136115
0.832773
0.315749
1.82883
0.00592727
1.02961
0.319101
0.552059
3.5658
2.10347
0.79772
0.0374489
0.135985
1.64352
1.34876
0.188289
1.62393
1.04901
1.55527
1.29343
0.010776
3.64804
0.146733
1.07227
1.06094
0.95506
0.097372
0.308631
1.06214
0.325943
0.78058
1.18409
0.275114
0.868407
0.148963
0.352036
0.0366052
0.632787
0.595376
0.342075
0.351615
2.43247
0.11298
1.45451
1.1021
0.816902
4.23104
0.891117
0.183239
1.0442
0.962388
2.62805
1.35054
2.18211
1.0949
0.318852
1.21695
0.224778
0.0864577
1.08749
1.04978
0.41484
1.71999
0.720294
4.67016
0.150233
0.488641
4.08813
0.208389
2.63711
0.493288
0.112138
3.06164
0.0115478
0.382555
0.0578889
0.222173
0.660396
0.240773
1.9601
0.476724
1.20622
1.07161
0.948163
3.83328
1.08952
0.741348
1.91721
0.50161
0.32902
0.416005
0.0868035
0.233562
0.0251693
1.4083
1.10469
2.69604
1.88433
0.928787
0.384708
1.27918
0.454378
0.487594
0.207404
0.270342
0.378593
0.789018
0.283218
2.10539
0.0807123
2.67805
0.0631743
2.72784
0.990887
3.89343
0.362407
1.8613
1.32848
1.53735
0.614915
1.27704
0.513857
0.0448273
0.0205551
0.839671
1.00969
0.0551763
0.207729
0.215941
0.559975
0.573855
0.866637
1.31739
0.759432
0.0581644
1.54448
2.09852
0.0646096
1.26109
1.29524
0.65652
0.321944
1.05762
1.22924
3.5319
2.65966
0.853072
1.97789
0.233182
0.90689
0.0619998
0.184014
2.03461
3.27334
0.667727
1.15694
0.206829
1.40053
0.399632
1.56263
4.30889
0.242719
1.14337
0.262056
0.427776
0.319008
0.14895
0.972041
2.57871
0.620073
1.60457
1.03302
3.7818
0.706759
0.072032
1.02105
0.743831
0.0233304
0.224326
0.840081
0.998985
0.268847
0.036373
0.423363
1.88851
1.73712
0.367682
0.633906
0.0642985
0.0476838
0.0181298
0.777874
0.949329
0.159614
2.28945
1.46226
0.559578
1.22051
1.50778
2.30725
0.140538
0.0623881
1.52134
0.131537
0.912852
0.293934
1.25498
0.563322
0.347723
4.75023
1.36977
1.26646
1.71751
0.0708693
0.72718
0.547594
0.990541
0.571659
0.242254
2.35869
0.810185
0.858217
1.57053
5.30125
3.8828
0.305991
0.718516
0.0585375
1.43002
2.28527
0.393169
1.87162
1.84155
0.946414
0.164977
3.61824
0.535927
0.11729
0.139574
0.33392
2.25079
1.75724
0.0743069
1.21889
0.838989
0.456589
3.40877
0.185457
1.47968
0.595963
0.248474
0.141883
1.24344
0.924483
0.650156
1.92594
0.92575
1.19129
0.533863
0.181257
1.41292
0.0617055
0.961533
1.28261
0.465487
0.592326
2.08582
2.33007
0.51762
0.403615
0.756909
0.570236
0.978488
0.195102
0.466553
0.935038
0.22778
0.212804
0.798433
0.645669
0.848161
1.83761
0.449359
1.9459
0.0885648
2.2612
0.638149
0.120166
0.134649
0.180845
0.0658438
1.23125
1.05157
0.240689
1.51047
0.446839
2.29408
0.418792
2.0713
0.265391
0.0256475
2.28872
3.58053
0.0512547
1.26509
0.87665
0.0295203
0.331775
0.77951
1.74961
1.11014
0.967492
1.14843
0.754697
2.78834
1.70656
0.0593981
0.764464
1.06293
1.24265
0.382166
3.63247
0.103812
1.13362
0.219248
0.484311
0.705815
0.199547
1.843
2.19563
0.00244556
0.117379
0.344023
0.0712789
0.0155952
0.992563
0.117101
0.2638
3.18143
2.94207
0.392964
1.2202
0.0151473
0.0491294
0.300532
0.687061
0.26568
1.38237
1.09448
0.24816
1.65811
1.14947
0.89577
0.690613
0.565651
1.55878
2.01218
0.32013
1.97077
1.28398
1.37542
0.449179
0.755109
0.248756
0.414562
0.574266
2.24824
2.35335
1.1905
0.212825
0.637065
0.315873
0.194233
1.87523
0.0977478
1.04304
0.889542
0.517519
1.36669
1.82226
2.48597
0.0820874
0.770302
1.65293
0.0125473
0.210001
1.95861
0.375863
0.785198
0.599248
0.820734
1.1025
1.12874
0.0942237
0.124644
5.8334
0.705258
0.671958
0.199162
0.27691
0.0902536
0.178417
0.975174
3.23155
0.0444857
1.54395
0.32607
0.743476
0.257139
1.24864
2.47185
1.19108
0.961529
3.56108
1.11356
1.43952
1.63528
0.0601661
0.173456
0.536255
1.296
0.0254434
1.46372
0.453221
0.0920108
0.390892
0.348682
0.416593
2.27288
1.08276
2.98995
0.773957
2.0574
1.27655
0.0708884
1.89736
0.157593
0.00636443
0.429066
0.324633
0.994606
0.364821
0.444115
1.68622
1.17912
0.353615
0.219092
1.46242
0.454985
1.12992
1.20759
5.06285
0.24678
1.79257
0.493414
1.92719
0.251329
0.928231
0.58109
1.75655
0.617275
2.24299
0.593586
0.989622
0.481897
0.058237
0.536577
0.66875
0.550164
2.02141
0.754014
1.48035
0.348951
0.920373
0.887315
0.760469
0.00640342
0.361938
1.08464
1.3585
1.47068
1.10557
0.786342
0.0189058
0.403503
0.127456
1.9243
0.50839
4.40578
1.01085
0.304321
0.549753
0.820488
1.17063
0.29629
0.19486
2.87224
0.254127
0.0799724
0.253374
0.658455
0.0428383
0.0321964
0.546096
0.490222
0.19659
0.284244
0.685624
1.16512
2.19018
0.103548
3.03955
1.5412
1.22146
0.0459096
0.459736
0.86919
1.26085
0.53437
0.695422
0.422995
1.04933
1.47492
1.19007
0.0454444
1.11179
3.22357
0.090505
1.02051
2.16401
0.984584
1.60536
0.0455936
0.586605
0.0997173
3.03508
2.14863
2.21167
1.81076
0.978456
3.03234
2.40588
0.57035
0.172593
0.476781
5.88366
3.13531
0.183994
2.11645
1.30102
2.68793
0.572676
0.211701
0.324402
1.44036
0.754883
1.73467
1.00701
0.372909
0.499502
0.849898
0.798248
1.05039
0.566367
2.23088
1.08265
0.750348
1.17125
0.220972
0.669096
2.84099
0.841455
0.543672
5.07261
0.533284
0.318061
1.2976
0.344874
0.0367791
0.985304
0.275832
1.23428
0.189749
0.316809
1.36344
2.48619
1.5939
0.411822
2.77383
0.116646
2.2654
1.10512
0.97061
0.392146
0.106693
0.524498
0.382686
2.19201
1.38242
0.39918
0.392852
1.33075
3.31182
1.14146
2.86302
1.81826
0.00647373
0.697928
1.29013
0.453328
0.158148
0.471924
3.60487
0.430731
0.9023
0.504687
0.562798
0.929334
1.11514
1.47905
0.140053
0.536626
0.359163
2.54085
1.20803
0.166276
0.165521
0.180122
0.0710259
0.439867
0.398029
0.23397
0.629425
0.0341187
0.424344
0.633897
2.61311
0.0192415
0.403318
0.00534986
6.51467
0.0149286
1.9594
0.369202
0.469373
1.06739
1.0175
0.785984
0.308736
0.4856
0.524975
2.83531
2.56374
0.240307
1.51782
5.14402
0.744992
0.829393
0.800907
2.14258
1.58724
0.30651
0.0280299
0.0926671
0.192248
0.763576
0.361557
0.840858
0.162169
0.358643
0.0717533
0.0378883
0.532074
0.819514
0.819729
2.45886
2.74581
0.993936
0.738738
0.386385
1.35551
0.189989
1.28539
0.127421
0.201881
0.845066
0.542354
0.631502
1.98263
2.41201
0.636447
0.847199
0.000664472
0.239717
0.418327
0.5532
3.86324
1.43659
0.0527247
0.219894
0.091824
0.581638
0.471266
0.924052
0.0838801
1.75101
0.0501531
0.127568
0.0330996
0.602794
0.752629
0.256113
0.239512
0.142238
0.0116931
3.26177
0.221889
0.713094
1.60255
0.0627201
0.353189
0.126569
2.01417
1.07394
0.661272
0.146236
0.776745
0.157053
0.745945
1.32836
0.76167
0.132101
1.33075
0.680846
0.360433
0.936319
2.07213
1.04988
1.04669
0.980466
0.133638
0.182116
1.60233
0.202727
1.49795
0.775061
1.72921
0.241748
0.29188
0.0737812
0.184536
0.74817
0.677882
2.6628
0.396449
0.0792598
0.342374
1.3063
0.23147
2.58037
0.23784
0.867469
1.04734
0.136411
2.65913
0.97204
1.23997
0.706487
0.569013
1.99638
1.63142
1.35423
0.606911
1.93265
0.967168
0.827828
1.08188
0.164936
1.83073
2.68593
1.17723
2.00579
0.112387
0.0605379
2.87513
1.03539
0.561715
1.90339
0.170136
0.485344
0.331105
3.17665
0.383603
1.0623
4.22492
3.30047
0.186961
0.509704
1.15956
0.606172
1.1349
1.59389
0.207281
1.31887
0.27752
0.39563
0.248854
1.22671
0.117019
0.0850393
0.444218
0.204016
0.691321
0.14228
1.15928
0.20762
0.279689
0.457216
0.896535
0.21035
0.617269
0.970494
0.924841
0.27665
1.04435
0.179798
0.0427319
1.72911
2.86869
0.969639
0.61321
3.16997
1.68462
0.306908
0.356624
1.03969
0.483261
0.348487
0.0595177
3.09743
1.46054
0.173861
0.309153
0.322858
0.459283
0.353315
0.156754
0.201274
1.84117
1.37917
0.556623
0.0711745
1.09812
0.0168896
2.93798
0.418195
1.06806
0.335778
3.24508
0.354044
0.781316
0.931738
1.67625
0.0247058
1.87041
0.0671337
0.865461
1.07418
1.04071
0.0597695
0.944907
0.187056
0.823757
1.65193
0.72819
0.603984
0.321157
0.0277265
0.0488105
3.02578
0.354842
0.264487
0.904867
0.387298
0.318341
1.0206
0.838717
1.1216
0.0931452
1.50592
1.41291
1.86823
0.497555
0.00816073
0.0101504
1.67617
0.878443
3.64134
6.74931
2.37395
0.466149
1.1617
1.11489
1.45237
0.0915781
0.526239
0.123399
0.129598
0.793512
1.54667
3.06267
0.584429
0.0553272
1.60584
0.175056
0.254827
0.299739
3.908
0.275429
0.326583
0.12293
0.118538
0.0424731
1.37344
2.03916
0.126492
0.222994
1.53556
0.173477
0.269732
0.191381
1.78068
1.10205
1.20614
0.1445
0.257361
0.688917
0.188895
0.897544
0.81028
0.585481
2.27484
0.871165
0.782861
1.13664
0.234174
0.581037
0.893966
0.0349006
0.480459
1.62225
0.0982646
3.35849
0.0832835
0.297502
0.850037
0.989096
1.12764
0.412658
0.43576
0.0262304
0.828165
3.35113
0.0110865
0.110499
0.287853
0.33896
0.149317
2.13926
0.702772
3.96179
0.119172
0.242439
0.0942889
0.651175
0.653697
1.02535
1.36704
0.450665
0.431638
2.14904
3.63144
0.212993
1.31847
0.0617882
2.54078
0.513576
0.157866
0.538145
0.18737
0.922604
0.0355923
0.648319
0.976015
0.865136
0.696028
2.49282
1.61149
0.928518
1.24293
0.167403
2.13356
0.356391
2.92882
1.16913
0.834809
0.201817
1.27806
0.82422
0.618167
0.380398
1.03173
2.45878
0.107678
4.66944
1.42075
1.05157
2.78276
0.297738
0.00487919
0.516069
1.0573
0.36922
0.104747
1.05546
0.0395397
0.193358
1.11959
1.20309
0.373498
0.0376233
1.63711
0.57157
0.239355
0.752656
0.248993
0.406116
0.800817
2.21581
0.472156
3.65727
2.54927
0.707013
0.521623
0.70565
0.303632
0.625829
0.616658
3.0227
0.957687
0.129532
0.453578
8.52559
0.0378253
0.394946
1.27234
0.047091
2.1143
3.50639
0.801177
0.92222
2.53858
1.61564
0.609757
2.82775
1.25197
0.092756
1.70504
1.78562
0.434355
0.979134
0.0995253
0.88707
0.59702
1.65535
0.615576
0.294726
0.750309
0.113284
0.136044
1.48765
0.278531
0.0328993
0.871279
0.199696
2.43702
5.23367
0.976104
0.735323
1.06547
1.80073
1.04624
0.0301699
0.132474
1.11983
2.31688
0.451645
0.321333
1.70462
0.818394
0.170151
2.47176
2.25135
0.631783
0.0462205
2.01777
0.128224
0.101029
0.550507
0.666677
1.12175
1.74193
1.0897
0.0281116
0.6922
0.122631
0.368124
1.87291
0.775006
0.275948
1.6778
1.67869
0.520427
0.370093
1.81745
0.610002
1.51143
0.109019
1.42086
0.397712
0.605684
2.39289
0.148114
2.1322
2.04196
2.67431
0.198943
1.3559
0.242181
0.18464
2.15902
1.10433
1.31672
1.10922
0.760098
1.27092
1.31518
4.86627
0.598563
0.21255
4.38775
0.446057
0.790939
1.30513
1.15155
0.782179
0.0306393
1.12822
2.15417
1.50045
2.6438
0.247874
0.940657
0.216013
0.77558
0.153337
0.0423252
0.173262
1.52293
0.14196
0.102294
1.13332
0.850251
0.652261
1.18346
0.934667
1.58354
1.29887
0.453802
1.45988
0.234346
0.500216
0.879121
0.315736
1.34313
0.22483
0.15025
0.450327
3.16133
0.587712
0.203764
2.45862
0.370575
0.0792104
0.289322
0.379454
0.99499
2.28552
0.490212
3.56129
1.90082
1.75804
1.9261
1.97425
0.559356
0.995584
0.45041
1.14704
0.0024201
1.34152
1.17663
4.54915
0.0379278
1.59608
1.23962
0.546075
1.68055
0.594526
0.379407
0.982581
0.0131389
0.707038
0.915565
1.66181
0.434913
0.193468
1.13678
3.20014
0.293917
0.242306
0.0429372
1.31288
0.445651
0.100847
0.0107579
1.50671
1.87489
0.076097
3.57126
1.71271
3.85394
1.82698
0.493436
0.174546
0.0665712
3.05647
0.348004
0.827438
0.11549
0.913037
2.68535
0.459464
1.77127
0.472941
0.827263
0.883424
0.530317
1.69627
0.0049339
0.37091
0.521895
0.0831728
0.614617
0.27859
0.722814
2.61302
0.480356
0.513889
0.977192
0.558921
1.29557
0.100923
0.604986
0.140737
1.38086
0.224071
0.539912
0.550257
1.311
0.521048
2.18804
1.16607
0.666963
1.03674
3.87035
0.724752
0.371859
0.247724
0.135192
1.15597
0.13936
0.307666
0.358468
3.15249
0.0828859
0.172197
0.719943
1.49175
0.554178
0.22716
0.518324
2.49615
1.85097
0.728049
0.222032
1.92217
0.513163
0.532454
0.0431645
0.0940324
0.353233
1.45459
1.87981
0.166184
0.450689
2.01989
0.18239
0.014543
1.1257
0.0650131
0.369037
1.29773
0.254494
0.157857
2.94316
1.88021
0.68602
2.04395
1.63372
1.63949
0.104512
0.276482
0.99479
1.59602
0.0969878
0.346111
1.08423
0.000268992
0.799104
2.84555
0.0287623
3.21654
0.0734442
0.244693
0.138198
1.73171
0.560523
1.01801
2.66787
1.49844
0.472825
2.0846
0.393526
0.721317
1.22357
2.44333
0.247493
1.84353
0.129626
2.51645
1.89912
1.01716
0.236097
1.39137
4.20351
0.339701
1.83153
0.944184
0.10585
0.578488
1.19249
1.3472
0.559966
0.641059
0.415062
0.272157
1.76219
0.539451
0.156565
0.100617
1.82107
0.220845
1.66325
0.423781
4.17919
0.122502
1.25918
2.09084
0.561514
0.197988
0.432887
2.19735
0.481266
0.890453
0.315675
0.261295
0.421354
0.00714797
0.880908
2.47549
0.247035
0.76039
2.03101
0.0293307
0.87577
0.368644
0.742159
2.02897
0.00426413
0.768649
0.178501
1.36393
0.202589
0.431782
0.417898
0.122262
2.52913
0.626656
0.107874
2.40428
0.51323
1.63618
0.264953
1.65764
0.178243
0.542652
1.90109
0.0266402
0.247335
2.30515
0.00669929
1.14151
0.358908
0.293832
0.43306
0.304661
2.83604
1.16845
0.8897
1.92769
0.209998
0.173961
0.571347
1.59956
0.20364
1.08436
0.09912
0.367611
0.646159
0.266824
2.23992
0.177993
0.0409413
0.552149
0.992429
0.0584077
0.285423
0.848672
0.565081
0.558576
1.23273
1.1177
0.68822
1.15286
1.88398
1.67066
2.44571
0.893164
0.482213
0.213179
3.31059
0.358906
0.510188
1.0112
1.66882
0.0157383
1.1389
0.103121
0.279302
0.802246
0.0950089
0.215948
0.328927
0.322978
0.520972
0.0621374
2.18276
1.39912
1.35467
2.59836
1.43045
0.287114
2.84578
1.28145
0.237128
1.54385
1.23011
1.43426
0.767823
1.71826
0.0417094
0.0533278
3.05317
1.73757
1.03192
0.199057
0.16022
0.0401517
0.397043
1.86394
1.63927
0.707172
0.202224
0.0964931
0.0971215
0.0944895
0.33797
0.118107
0.00143982
1.1021
0.0613247
0.0311519
1.21524
2.53088
0.0292647
0.841033
0.916023
0.227094
1.25502
0.998473
1.0283
2.1316
0.982365
3.4915
1.07076
0.217944
2.70576
2.01199
2.3896
0.26483
0.358245
0.673855
2.65648
2.20339
0.769241
0.0160581
1.50682
1.98188
0.31363
2.3783
0.330363
0.959385
1.15908
1.94616
0.908654
0.0752393
0.704474
1.54744
0.610454
0.331272
1.73299
0.0388996
1.74535
1.54006
0.280008
0.540453
0.489758
0.694283
1.57137
0.12868
0.311079
0.0182309
0.666067
1.21944
1.16439
5.95877
0.203293
0.30903
2.14174
3.76031
0.373851
1.44991
0.728037
0.452644
0.575348
0.0388149
0.110626
0.989715
0.332303
0.578717
0.610073
1.50301
1.34931
0.366167
0.0794047
0.0977791
1.28938
0.592915
0.865689
1.52403
0.310986
1.26813
1.255
1.25558
0.198084
0.550639
0.457439
1.33035
1.56957
1.28001
0.0252636
0.173449
1.70061
0.793663
1.0377
0.0212669
0.246239
0.950429
0.841892
0.492511
0.0964616
0.00498545
0.218667
0.985613
0.0659666
0.890621
0.720138
2.06665
0.574313
5.44868
0.238271
0.217105
0.574072
0.323531
0.173568
2.10491
0.335964
0.752034
0.301098
0.152999
0.78973
1.25233
0.476675
0.209423
0.22871
1.2651
2.48497
2.95286
0.332643
0.321007
2.00333
0.129619
0.568746
1.67904
1.33478
0.254264
2.44963
0.666404
0.941521
0.184538
0.958248
1.17646
1.28185
1.06437
0.546534
0.282799
0.756709
0.144354
0.0120558
0.0305482
3.11731
0.530807
0.767427
0.495985
1.05251
0.118426
3.91878
2.2679
0.81705
0.166102
5.35265
0.114617
1.40239
0.159971
0.0248276
3.71583
1.0304
0.221469
0.0718017
0.177114
2.5749
3.12915
0.20505
0.177516
0.547841
4.49207
2.22575
0.528742
2.16224
0.737661
0.072984
1.37663
0.14046
0.552822
1.01859
0.889319
0.813673
3.05319
0.374565
2.51957
2.87442
0.216303
0.0918534
1.83795
1.3344
0.56448
1.36163
1.69025
0.747404
1.15756
0.924218
3.42095
0.392967
0.948763
0.0783915
1.84287
0.530005
0.879756
0.0865928
2.08558
0.00639856
0.395428
0.463061
0.677442
1.84091
1.4615
2.36724
0.225383
1.6212
2.6597
0.107773
0.500338
0.296132
0.866262
0.547896
0.87291
0.523158
0.181233
0.0849476
1.61751
0.0879194
0.112331
0.0159749
0.811193
1.2884
2.08473
0.0509683
0.319426
6.84124
0.787233
0.354194
0.835401
0.717906
0.547834
0.247727
1.37694
0.373385
0.306732
0.59197
0.0501349
0.823406
0.182063
0.81094
1.40057
1.07033
1.0939
0.284181
0.0729352
0.3666
1.98502
0.0890898
3.85368
1.0262
0.579818
2.04588
0.70286
0.360029
0.366243
0.0257379
2.54448
0.952825
0.402901
2.56719
0.247558
0.608027
0.110421
0.0173724
1.91687
0.258167
5.17097
1.67122
0.281562
0.602626
2.33603
0.296075
1.70428
2.98125
0.0605455
3.28405
0.535919
0.323687
2.80119
1.64913
2.30206
0.214056
0.00155742
2.64212
0.570289
0.271295
0.293988
2.26189
0.64337
0.256045
2.54751
2.7162
2.10646
0.560422
0.56964
0.608117
1.14847
0.747548
1.74339
2.12845
0.073364
0.0216995
0.239353
1.33851
1.87984
1.3663
0.730886
0.467609
0.418182
0.372683
1.64344
0.292962
0.0592202
2.82875
1.25743
1.52947
0.984696
2.73491
0.383818
1.91541
1.05841
0.295856
0.606957
2.37005
2.18634
0.184201
0.0731466
0.241554
1.77398
1.1662
0.567734
0.281103
0.412446
1.25634
0.237565
0.810982
0.104432
0.140528
0.436196
0.605712
2.7672
2.44084
0.611503
1.76083
1.68818
0.416334
2.22929
5.273
0.153481
1.406
0.371944
0.23374
0.725907
6.14582
0.486072
0.7503
0.488415
1.06524
0.943918
0.174016
0.339327
0.749087
1.77889
0.097066
0.305003
0.452033
1.47932
1.96298
2.16742
1.80489
0.391967
0.932795
2.22222
2.89918
0.806599
0.330395
1.82912
1.01485
0.699211
1.29355
0.586934
0.275168
1.2657
1.26709
0.31212
0.755782
0.138456
0.926753
0.360349
1.28245
0.560065
0.0402815
0.990798
0.656189
0.498609
0.899983
1.79045
0.170061
1.33946
0.627641
0.138757
2.23308
0.0441522
0.543223
0.280041
4.16763
0.0146516
0.173037
0.031991
2.41475
3.09948
2.07827
0.718011
1.88268
1.10006
0.515932
0.832488
0.145218
0.248709
0.848504
1.87941
0.169494
0.0116461
1.14738
1.17025
0.518449
0.474251
1.53446
1.13118
0.130255
1.00622
0.563242
0.548129
1.66328
2.07836
2.63225
0.98555
0.194583
0.110745
1.37497
3.18231
0.947209
0.457653
1.24739
0.627473
0.189878
0.487951
2.04497
0.387735
0.238533
3.09563
0.706978
0.71143
0.353906
1.59994
1.18728
1.39297
1.9539
3.1757
3.06707
0.569867
0.113058
2.14082
0.127197
0.862106
0.267777
0.41023
0.472117
0.00779064
0.887666
0.0224829
0.736367
1.53976
0.940158
0.424871
0.016124
1.14381
1.14348
0.183048
0.149487
0.0169675
1.19017
0.78832
1.00493
0.793107
0.165589
0.727492
1.07148
0.250568
2.31307
1.36123
0.743309
0.973897
0.29112
0.716647
1.52485
1.17999
0.124868
6.38864
0.641262
2.76076
0.0624946
4.23373
0.0962088
1.22808
1.29222
0.301573
1.21123
0.528867
2.74685
1.77428
3.16059
0.698377
3.5309
1.47063
0.411207
4.43474
4.35696
0.0242158
1.73109
1.68453
0.478559
1.63909
0.583967
0.00790794
3.70471
0.46635
0.980314
1.20519
0.47812
2.15347
0.168637
0.340209
0.828227
1.72772
1.05789
2.11045
1.51251
0.0165141
3.33972
2.32286
0.394228
1.15683
0.996911
0.36882
0.339719
0.131742
1.10665
0.123037
0.574586
1.0232
0.375613
0.26706
1.28518
0.229166
0.0591593
0.644333
0.587875
1.90205
0.47833
0.559115
0.0855799
0.463132
1.85702
0.706202
0.049011
0.0588287
2.64084
1.88963
0.139147
0.406531
2.37428
0.0179917
0.349353
5.47989
0.415016
0.596112
1.14358
0.626812
0.449159
0.633417
0.115039
4.75098
1.69613
0.441028
0.259227
0.0140817
0.71465
0.501819
0.821935
0.0809752
0.481296
0.168329
0.0891938
0.892067
0.232502
0.428193
1.61751
0.691393
0.971002
0.673289
1.24647
0.737702
1.13409
0.437861
0.072549
2.82264
3.30081
1.31215
0.482271
0.191871
0.406954
0.408328
1.14916
0.418609
1.53963
2.39887
1.93169
1.86868
0.961893
0.679908
0.568523
1.03824
0.146534
1.0972
0.249723
0.398316
0.544196
0.137679
0.357406
0.400516
0.442244
0.563481
0.876096
1.39471
0.113943
1.97747
2.2054
0.0810296
0.514126
0.816924
1.34094
1.58413
1.21928
1.35723
0.733183
0.575086
0.142881
1.06223
0.726476
2.09067
0.29418
0.252297
0.451073
1.7154
0.500454
1.67194
3.09987
0.556596
2.52309
0.623287
0.827768
1.17784
0.146165
4.38942
3.22635
1.81323
1.82604
3.22393
1.32093
0.367661
0.510942
0.275725
0.982498
0.209516
0.354011
3.13358
1.4239
1.82593
0.563743
0.0728703
2.03137
0.465688
0.277349
0.992536
0.377649
0.289087
1.28022
0.828901
0.80782
1.14412
1.11529
0.725929
0.00340704
1.49517
0.322141
0.906374
1.43345
0.698868
3.36471
0.177977
0.792902
0.407483
2.01701
1.61043
0.458469
0.207672
1.07372
0.638821
2.63253
1.44084
0.931267
0.761252
0.926207
1.25363
1.30864
1.27868
2.29648
0.208414
0.862902
0.840294
1.39684
0.280598
2.60773
1.33822
1.54017
0.524347
1.97131
1.35696
1.04712
0.182682
0.180084
0.214472
3.79961
0.997509
1.204
0.321887
0.163389
1.34442
0.810909
0.71232
0.0420494
0.543911
0.148597
5.92672
0.273223
2.58588
0.0853267
0.417371
1.91696
0.213507
2.12281
0.234648
2.49222
0.743696
0.646908
0.121876
1.12887
0.150631
1.17429
0.504698
0.840745
0.237945
0.406198
0.922851
0.901559
2.30259
0.112935
0.755551
2.79831
0.825798
6.08127
0.00727003
0.230196
1.88029
1.41592
0.197848
0.525122
1.17138
0.302746
0.757906
0.0131041
0.428908
0.0844233
0.17262
1.25225
0.882454
0.546487
2.42751
0.510157
1.79655
1.29587
2.82293
1.56451
1.43019
1.28407
2.23353
0.971696
0.0379368
0.5573
0.823204
2.22403
0.34659
1.34484
0.12409
1.2887
0.294757
1.02416
0.271741
1.06267
2.20046
1.2549
0.520525
1.60165
3.93181
1.34046
0.574074
0.320588
0.0524962
0.550536
2.47109
0.669501
1.40191
0.036218
0.927524
0.60183
3.07527
0.848199
0.142225
0.18349
0.904633
0.6088
0.35844
0.326497
0.148779
0.34528
0.218358
1.20278
1.94935
0.117458
3.10874
1.26611
0.960629
1.41939
0.7302
0.20772
1.96602
0.888708
3.44138
1.96481
0.689913
0.635688
0.197664
1.01842
0.162309
0.278538
0.501934
0.906952
1.28261
0.277831
0.0807025
3.01858
1.36981
0.307346
2.65389
2.25788
0.0249847
0.567679
0.363851
0.146688
0.239984
1.77705
0.545033
0.401114
1.24287
0.615248
1.31368
0.21917
2.57147
0.1275
1.01305
0.0304244
0.453575
0.142863
0.310943
0.834628
0.428365
0.647093
0.748335
1.25325
0.0684572
1.93861
1.55839
0.756418
1.35664
0.741989
1.1275
3.97428
0.286549
0.244541
0.220416
0.789825
0.0655885
0.701142
0.233688
0.700338
1.49601
0.0258753
0.880684
1.96013
0.660037
1.02422
1.86734
0.366765
0.422693
0.394435
6.1774
0.436906
0.415126
1.67821
0.442565
1.54716
1.74671
0.555136
1.40875
0.0337314
2.15243
0.394415
0.138016
1.00307
0.992571
0.660196
1.70667
0.050978
1.10584
0.0720765
0.0672239
0.387999
1.23146
1.15727
0.185357
1.21286
2.80773
1.94866
0.842925
0.419185
0.345097
0.836345
1.16817
0.373192
2.00479
0.260042
1.69217
1.74202
3.2309
0.68044
0.707117
0.482005
3.73968
0.706947
0.0415067
1.28565
0.167518
2.02331
0.348971
4.00596
1.04726
0.511799
0.0897126
0.263292
1.28461
0.0798655
0.666841
1.30545
5.45567
2.84706
2.47098
0.873903
0.962698
1.33332
2.31665
0.392573
0.00607193
0.0445851
0.40743
2.39586
0.390541
0.304671
1.34126
0.0280457
0.352326
0.632221
1.0092
0.377847
0.144064
0.373562
0.56397
5.0662
0.383329
0.695345
0.508992
1.79772
2.12154
0.137073
0.397361
2.22376
0.460017
0.112439
0.194581
0.571824
0.216855
0.41379
1.14842
1.24117
0.314925
2.03524
0.33209
1.31978
2.74164
0.266615
2.6258
0.188472
0.0583717
0.695915
0.536989
0.857835
1.9075
0.0742084
1.22003
1.07035
0.745541
0.22725
0.425315
0.193829
0.112769
0.590572
1.01489
0.0786013
0.0035744
1.12271
0.495653
2.74478
1.39955
0.301909
0.375058
0.849196
0.199632
0.059474
2.26051
1.03007
1.43827
0.416592
0.60424
0.693565
0.450626
0.931415
0.629925
0.22218
1.24167
0.259644
1.42097
0.838519
4.66428
0.453809
0.18178
0.774887
1.29024
0.221432
0.484671
0.85297
1.53998
1.06389
0.502967
2.42362
1.53337
0.0309981
0.789287
1.046
0.453953
1.04102
1.23446
0.19855
4.57577
0.873021
0.243647
0.52635
1.14518
1.693
0.313437
0.378635
2.20973
1.20221
0.502691
2.96241
0.154549
0.834848
0.190345
1.31919
0.647016
0.694773
2.64488
0.0701709
1.40071
1.67016
0.486074
1.04898
2.79872
0.866901
0.440842
1.11468
0.149956
1.65471
0.669611
0.127377
1.59237
0.174334
1.41019
1.32646
1.62381
0.020311
5.64146
2.39866
0.672609
1.36558
0.0742214
1.39838
0.616953
0.367427
0.583024
2.15146
0.0495211
0.354846
2.26118
0.110581
1.67343
0.272539
3.45665
0.0651447
2.66387
0.695798
0.202046
0.247372
0.916888
1.59318
1.08121
0.0133502
1.00355
0.117808
2.0542
3.9055
0.356639
0.334347
0.400347
1.33607
0.20241
3.89982
2.23659
0.314843
0.363149
1.22677
4.28404
1.3046
0.103047
1.40519
0.774932
0.0797582
2.92135
0.56114
1.2898
0.438709
2.67799
1.66082
1.11236
0.068078
0.236652
0.497688
0.286248
0.261184
5.56498
0.587351
1.35303
0.0462322
0.684005
1.12044
1.4314
1.35422
0.460594
2.15176
0.114139
0.256043
0.302417
1.1911
0.585913
0.517885
1.507
0.141491
0.953621
1.20043
2.672
1.90989
0.300426
0.206743
0.648394
0.225744
2.51901
0.0406299
2.19145
1.91121
0.35626
0.685785
1.20977
1.4847
0.776941
0.607998
2.55524
0.859295
0.509469
3.46868
1.71171
1.65976
0.105417
0.491284
3.74207
1.27141
0.29307
1.3386
1.44537
0.197738
1.37308
4.46377
0.793243
0.0190772
1.43751
0.418729
2.00121
1.68739
0.251009
0.469575
0.89841
0.441569
1.70173
2.79088
1.0892
0.604432
0.819637
0.0937967
0.339333
0.741866
0.326079
4.03762
1.7793
0.682835
2.16237
1.10761
0.6851
2.66231
0.421995
0.0399436
1.49971
0.0166209
0.354834
1.35674
0.349754
0.0630874
0.0655559
2.24969
0.0553771
0.668038
0.376057
0.828679
0.535715
3.14762
0.218124
0.97559
0.182425
0.241927
1.7522
0.52359
2.74044
0.720555
0.178149
1.52072
2.09161
0.0713907
0.108332
1.31537
0.107892
2.1847
0.367307
0.496293
0.939078
0.729233
1.35468
0.72763
0.923563
1.6063
0.20969
2.06204
0.0687575
0.730276
0.119838
1.24239
0.177729
0.0203412
0.160722
0.90844
1.03265
0.353063
0.253702
0.199449
1.65462
1.786
1.94268
0.24325
1.39727
0.833334
0.71821
0.0913833
1.05635
1.40412
0.0894148
0.581663
1.05436
0.220253
0.743628
0.110981
0.785157
0.380715
0.544603
0.556541
2.18847
2.62606
3.44862
0.494904
0.601282
0.196985
0.15194
0.561439
2.99933
0.0904038
0.11443
1.27012
2.45114
0.474592
0.00584611
2.32726
0.265564
2.66755
4.29776
1.22271
0.537222
5.27794
0.163878
1.17393
2.50079
0.905525
0.581407
0.725244
0.0489961
0.0309713
1.8725
0.680991
2.01872
0.242913
0.510398
4.85182
0.343702
1.50319
0.390104
0.293094
0.149219
0.283033
0.559016
0.917172
0.330873
0.655287
0.525497
1.02289
0.245368
0.76224
0.0044174
0.12123
0.531881
0.846182
0.209268
0.341252
0.84365
0.174933
0.693702
0.602387
0.950271
0.308415
0.554298
3.34253
0.95993
0.974194
0.422981
0.871504
0.187078
1.71647
3.20858
0.36685
1.33106
0.441245
0.424895
2.28191
0.565932
0.25758
1.72139
0.397866
0.481287
0.192635
1.04276
0.00353411
0.289634
1.02165
0.324066
0.387889
2.8561
1.00844
0.35188
0.344278
0.737562
0.392756
0.773414
0.429384
0.535809
2.19117
2.32398
0.288468
1.05529
0.540086
0.450437
3.53652
0.727908
0.0465384
0.438729
2.40897
0.409525
0.32972
0.305492
0.476422
0.400103
0.915587
0.097024
0.400646
0.629947
1.39483
0.840902
0.921121
0.0727736
2.84668
2.09828
0.819962
0.796629
0.0657122
0.0474613
2.85658
0.107854
0.718354
0.855544
3.54029
0.603651
1.31947
0.38985
0.376651
1.52325
0.980297
2.29246
0.491346
2.10552
0.230632
1.74831
1.01259
0.276341
0.698167
0.930689
2.52553
0.445196
0.792614
0.644441
3.31089
1.24329
0.836245
0.119228
2.46082
0.198396
3.22492
1.87487
0.676689
0.666309
0.72201
0.0164365
2.97238
0.0393263
0.56522
0.0419624
0.141126
0.138889
0.255683
0.675709
0.308064
1.71822
0.340369
3.81099
1.5718
0.0258923
0.0418071
0.0383612
0.849353
0.398014
3.05441
0.423267
0.0509709
2.08008
0.586647
0.829287
0.973303
0.384696
1.16824
2.66683
0.447385
0.274153
1.17672
0.318185
0.648841
1.22298
0.988731
0.82163
0.669702
1.32507
0.566029
0.406776
2.15344
0.307866
1.95968
0.465056
0.356148
3.46565
1.85749
1.69608
1.0873
1.25739
2.1229
1.04497
0.929262
1.86007
0.417379
1.92295
0.765013
0.705918
0.213993
2.80101
0.219463
0.357814
0.481221
0.749899
0.34355
0.190521
0.401075
1.19361
1.41312
0.127932
0.539859
0.576949
1.29538
0.956724
0.122406
0.164541
1.56712
2.17375
0.737415
0.585482
0.284497
0.15084
0.550134
1.06716
0.310462
1.21574
1.3659
0.767403
0.844125
0.985353
0.292814
0.249326
0.102797
1.48775
1.2756
0.426409
0.540585
1.10975
0.496078
0.639693
0.175041
0.575375
0.857942
0.276155
1.0239
0.0443428
0.585759
1.42104
5.33144
1.47967
1.12492
0.661999
1.09688
0.409868
0.806677
0.975924
1.93244
0.450538
0.279016
0.619085
1.17174
0.134343
0.839958
0.487769
0.32159
0.402132
0.514447
0.54955
0.764308
0.737789
3.03877
0.0469278
1.68663
0.271599
1.08437
1.2975
0.84908
0.591063
0.276029
0.271449
0.162122
3.00476
0.52254
0.069307
1.03581
0.678594
0.386473
0.634531
0.179997
0.0870989
0.533625
1.05433
0.476806
1.27728
0.380521
0.456371
0.2521
0.116736
2.79094
1.69329
1.70875
0.272443
0.49914
0.155274
0.310105
1.38227
0.545944
0.0450972
1.55593
2.46097
0.274783
0.0464965
2.53109
1.28766
0.399402
2.06666
2.32242
0.0933095
0.789554
3.29447
0.294948
0.700773
0.227953
1.08981
0.974037
0.958058
0.269545
3.49691
0.482052
0.12467
0.545533
1.21327
0.362587
0.109693
1.50395
5.06231
0.768779
1.05209
1.29279
0.986363
0.948299
1.18086
0.397048
0.438875
1.69288
0.747997
0.078143
1.0054
0.285587
0.267596
0.023072
0.507213
0.27924
0.179348
1.71705
0.62091
0.48521
0.239054
0.216727
2.76313
0.369267
0.134586
1.49487
0.959472
1.31417
0.304471
1.62239
1.40394
1.07623
0.43138
0.237456
1.67798
1.03714
1.02985
2.03139
2.00098
0.109767
0.849329
0.367796
0.130766
0.215421
0.705885
0.238399
1.51437
0.899114
0.760143
0.117822
1.55295
0.886267
0.389501
0.302746
0.69103
0.409407
0.0814978
0.754925
0.216847
2.34038
0.367387
0.277951
0.594824
1.291
1.41731
0.52805
3.29759
0.693323
0.231019
0.753786
0.108114
0.257253
0.00590471
0.261321
1.04789
0.0498812
0.336171
0.580135
0.706888
2.36242
0.753275
0.599074
0.0268171
0.895672
2.1451
0.326226
0.567876
1.36217
4.18798
0.0682608
0.544665
0.77677
0.459876
2.29981
0.499298
0.545999
0.822094
0.487162
0.0820647
0.027162
2.02306
0.910714
0.266553
1.26657
0.806865
0.902517
0.0576197
0.751482
0.909207
0.906096
0.795758
0.239978
0.806412
0.13363
0.858261
0.186453
0.182998
2.74197
0.968989
0.551523
0.39333
0.483946
0.45529
0.989606
1.20528
0.0504058
0.14233
0.0730071
0.000396175
2.02022
2.57759
0.043896
0.125565
1.64579
0.460507
0.964205
1.12047
0.239806
0.235122
1.94082
0.592658
0.397543
0.141008
1.45943
0.00824064
0.2442
1.27228
4.68039
0.690909
0.41646
0.106661
0.0460022
2.96393
0.445665
0.581439
0.326418
1.46756
0.489986
2.03818
0.194217
0.159793
2.17528
1.02885
0.823484
2.48222
1.0729
0.458821
0.497647
0.231154
3.42544
5.60043
0.459289
1.07932
1.35646
2.49388
0.40346
0.392979
4.48529
4.88334
0.899378
0.623666
0.096705
0.99989
1.27103
0.64093
0.707298
0.142855
0.0802286
1.85218
0.651988
0.505459
0.618109
1.12991
2.40367
2.10047
0.729003
1.06175
0.274655
0.160647
0.416942
0.742062
0.381737
1.69431
0.953358
0.245546
0.914629
1.16178
3.58465
0.673435
1.47104
0.0516064
2.02231
0.979242
1.90992
1.35968
0.185694
0.209029
0.26846
0.291912
2.81255
0.0795677
1.21805
0.750612
0.521503
0.153649
0.643245
0.495696
0.00113472
0.959066
0.810273
0.677023
0.740787
0.200671
0.373452
0.860613
3.34528
0.10083
0.0106973
0.736207
0.427227
0.072124
0.417041
0.0412083
0.03397
1.3103
0.539308
0.348747
0.498647
0.605591
0.942808
1.13667
0.627364
0.106542
1.22386
0.0310837
0.351569
1.40022
0.391128
0.20063
3.97132
2.94351
0.413737
0.431481
0.183864
0.0714838
0.102856
0.208614
1.24011
0.924869
1.01375
0.656983
0.69725
1.32776
1.69105
0.633688
0.124721
0.567795
0.344789
0.758641
1.76168
0.917794
0.950784
0.917444
1.56439
0.11905
0.411157
0.0588477
1.41697
1.0492
0.0413782
0.112806
0.768902
0.115712
0.482296
1.05967
0.894238
0.0595435
2.67615
0.810507
1.10831
0.247607
0.487484
1.57994
0.167947
0.339786
0.0296756
0.850777
2.69045
0.691569
1.43027
1.03334
0.0234188
0.399865
2.32088
0.304175
2.81204
0.611171
0.114415
0.0795131
1.60779
1.13006
0.201975
6.11076
0.876549
1.89201
0.441581
0.951716
0.94638
0.168122
1.15675
0.076849
0.341717
2.67494
0.93424
0.752084
0.675543
0.207088
0.547219
0.204182
0.811069
0.736673
0.617783
1.71849
1.59892
0.954174
0.0700953
0.234839
1.14773
1.28465
0.143596
0.364607
0.441893
1.08436
2.50653
0.331943
0.112164
1.0787
0.142619
0.766841
0.632306
0.163398
1.98074
0.978226
0.286641
0.0750713
1.57085
1.52411
0.606798
0.84699
0.547515
0.111526
0.368637
0.142288
0.603279
1.64097
2.4378
0.107851
0.508882
0.0306381
2.16575
0.392815
0.869354
1.02539
0.400529
0.208124
0.173622
0.108004
2.13164
1.35954
0.927668
0.126632
0.267803
1.47649
0.10498
0.0659921
0.833415
1.0811
1.46962
0.445745
0.771781
1.54677
0.405614
3.59858
0.264712
1.27049
1.58391
3.19004
0.265657
0.0100762
0.148232
0.920006
0.454138
0.897276
0.954448
0.0967829
0.133227
2.04369
0.219506
2.69587
1.24087
0.639914
0.0112595
0.312869
1.32984
0.39778
0.20399
0.254098
0.215999
0.269447
0.519234
3.11786
0.0739094
0.532414
1.27187
0.990621
0.0734638
1.00312
0.949407
1.64051
0.506486
0.753926
0.276718
1.78354
0.278165
0.44531
1.88747
1.23696
1.1886
0.142001
1.81364
1.20549
0.160011
0.441198
1.42661
0.510036
3.27438
2.01922
0.820708
0.516143
0.145343
0.220904
1.58034
1.81176
0.017344
1.5352
0.338384
4.69278
1.36347
2.35585
1.12522
0.107457
3.92131
1.29164
1.02833
2.37077
1.59781
0.0523823
0.338719
0.0202552
0.0883339
0.652569
0.0336716
0.519921
1.2947
0.696279
1.37577
0.279009
4.61481
1.72224
0.409131
0.444237
0.035604
1.03341
3.31938
0.0217823
0.300082
0.0216443
0.315963
0.545071
0.402114
0.61132
0.622293
0.482553
0.175142
2.73936
0.00567048
0.0312704
1.71227
0.316836
1.50519
3.11985
0.62469
0.321559
0.0235599
0.271161
1.16456
0.852948
0.2015
0.16968
0.500278
0.173747
1.60379
1.63122
0.342961
1.2285
0.0702841
3.33654
0.500179
0.800039
0.385576
0.893137
0.788459
1.69617
1.36126
0.0253358
2.18517
1.11618
4.75325
1.12238
0.622198
2.22828
3.11381
0.339348
1.13416
0.0169464
3.309
0.219022
0.240417
0.306158
2.39189
2.56695
0.177189
0.038243
0.548505
0.515132
1.05633
0.500911
0.0879546
1.33038
0.0202158
0.143386
2.12933
1.95234
1.25722
0.396243
1.026
1.61377
0.788105
0.0235605
0.0132675
0.380331
0.920579
1.02056
1.17212
0.812358
0.328864
0.117741
0.0646966
0.238407
0.161755
0.284658
0.255355
0.0702454
0.124625
2.96457
0.46982
0.30014
0.399268
2.55803
0.0124117
1.21537
0.761428
0.494959
0.0879638
0.138777
0.304333
1.99147
0.238588
2.73997
0.128016
0.797522
0.689541
1.16431
1.13845
0.201843
0.0358628
0.69872
0.0807515
0.160706
0.245598
1.43185
0.26845
1.05437
0.237876
1.06813
1.74955
0.466399
0.759303
2.49641
0.892818
0.821543
0.845479
1.25777
0.532134
1.74882
0.135691
0.264744
1.13374
0.0443319
0.720645
1.08833
2.01114
1.16565
1.04079
0.728638
0.0694913
1.27955
1.11898
0.00216029
0.187631
1.13744
0.160477
4.46352
1.8049
0.0132767
0.792923
0.930116
0.0209467
2.64542
4.15167
1.91268
2.04112
3.26447
0.500218
1.52226
0.0158632
0.438858
0.17338
1.53236
0.00492955
2.82199
0.196086
0.335221
0.637012
1.05588
1.17935
1.49004
2.43943
0.0785128
2.00255
0.680333
0.685696
0.672006
0.0314659
0.393662
0.179901
1.3682
1.80812
0.671111
0.716712
0.0244359
0.04896
0.623221
0.462012
0.00693928
1.30573
0.292691
2.01539
0.397714
1.10378
0.81907
1.67614
0.353396
0.664366
1.28557
1.28264
1.77052
1.08335
0.534905
0.68853
0.313451
2.25217
2.43524
1.99738
0.469019
1.00747
0.93873
0.0181294
0.104406
0.555828
1.85518
0.928737
0.00371862
1.48673
0.849258
0.178642
0.148991
1.0089
0.709895
0.595651
0.0572201
0.452243
0.448375
1.13699
0.273826
2.72662
0.87205
1.12188
1.15947
1.00162
0.969043
0.0928302
0.973631
0.0195382
0.130239
0.699422
0.538761
3.11797
1.20591
7.05794
0.98331
1.33012
3.76904
0.0181941
1.622
3.19089
0.530964
1.6069
0.223126
1.13637
0.137368
0.682838
1.79924
0.824411
0.495215
0.181813
0.664315
0.379939
1.19941
0.373035
0.178957
0.687597
0.801193
0.345075
0.411331
2.45452
1.86748
0.103515
1.42305
0.432573
0.931913
0.286231
0.152121
0.0733248
0.318834
0.350461
0.0995739
1.06049
0.133729
0.518861
1.48756
0.140948
0.87857
1.50696
0.641458
0.0716249
0.119802
0.356973
0.0642325
0.334669
0.229295
1.26214
0.871033
0.246314
0.871418
2.36667
0.882448
0.969944
0.101551
0.406924
2.1356
0.192384
0.0992619
1.11967
0.206533
3.02677
7.33519
1.29421
2.89586
0.191075
1.41243
0.340715
0.0200495
1.09861
0.540154
0.519122
0.382202
0.845275
0.993156
0.797799
0.728941
0.562252
0.0847332
1.34005
0.0366799
0.894482
0.0503303
0.324492
0.105076
5.32541
0.118975
2.73575
0.473189
2.43503
1.69523
1.11986
5.0769
2.69531
0.950834
1.41172
3.14459
0.9397
1.37328
0.0472199
0.0110959
0.817024
2.49914
0.922743
1.49026
0.715026
0.789989
0.362532
1.00083
1.91033
0.240856
0.164828
0.359915
0.698311
0.686596
0.162188
0.293358
1.05849
1.53049
0.230394
0.253636
1.68422
2.58218
0.465453
2.9251
2.59043
0.8441
2.40478
2.61015
1.7925
2.62364
0.175421
0.852903
0.472948
0.371404
0.0132622
0.415344
0.655324
0.417836
1.91212
1.00514
0.260933
3.04215
0.40225
0.265819
1.17342
0.540948
0.0228778
1.07916
0.542762
0.887007
0.0756547
0.833159
0.0333622
0.212194
0.420411
0.783818
0.0200699
0.984813
0.223792
4.57752
0.0141835
0.0148932
0.116129
0.980208
0.207312
0.567424
0.660625
0.129632
0.107259
0.270847
1.97193
2.39462
0.503616
0.179192
0.528703
1.08313
0.00490152
0.692885
0.00127271
0.28708
0.317879
0.0210904
0.983216
3.99151
0.2942
0.992489
1.83716
1.97985
1.65728
1.05157
0.0517578
0.320769
0.973489
0.925391
3.3549
0.00869378
0.282042
2.53498
0.44003
2.01411
0.528579
0.836121
0.435295
0.242499
0.523584
1.57686
3.05802
1.59725
0.180866
0.460128
0.164354
1.99813
1.58794
0.747128
0.172184
0.310499
1.82083
0.941972
0.747961
0.734462
0.235139
2.61453
1.21971
0.0514825
2.85312
1.08431
0.692428
1.81047
0.219998
2.16831
0.30118
0.664469
1.36339
1.03191
0.206535
0.506134
0.128541
2.48502
0.122203
0.142002
0.0236483
1.78975
0.435847
0.421846
0.129046
2.65596
1.23049
1.22017
0.588886
0.659311
1.20304
0.151329
1.5262
3.2891
0.160063
0.476301
0.0854245
0.743338
1.55536
0.390115
1.48496
0.104528
0.515633
0.0813443
0.132942
0.142209
0.0338694
0.905684
0.300473
0.355962
0.375888
1.81176
0.385803
0.987614
1.06043
0.120741
0.474609
0.461138
0.10415
1.85141
0.196042
1.18281
0.0240473
0.373157
0.819119
1.5894
0.734521
0.308134
0.656256
0.490459
0.378502
0.133906
4.43648
1.12123
0.447065
0.61444
0.154174
2.4831
1.94104
3.30187
4.72613
0.603588
0.495159
1.0827
2.94333
1.07375
0.128965
0.316657
1.02114
1.30064
0.658188
1.46523
0.240635
0.519204
1.41213
0.0533027
0.446756
1.61285
0.033957
0.366065
2.56775
0.360927
0.845887
0.19848
1.81053
0.281531
0.46019
0.201808
0.42359
0.629363
2.20653
2.08238
5.65248
0.21236
0.330297
0.412782
1.22654
1.37053
0.22048
0.194504
0.46574
0.827113
0.472397
2.16781
2.79319
0.954271
0.648909
1.48313
0.967635
5.16369
0.488454
1.858
0.0444372
1.11322
0.177036
0.0423754
0.675401
1.05663
0.121835
0.0716065
0.124306
1.24885
0.123969
1.03468
0.0441036
1.16073
0.196347
0.654169
0.843238
2.04541
0.809628
0.773143
0.477707
0.777482
0.234956
0.205979
0.874628
1.49441
0.381763
1.35357
1.22929
1.85775
1.14589
0.947879
0.414318
0.271773
0.532519
1.27188
8.73753
0.128279
0.0271876
0.259828
0.0690329
0.52816
0.283483
1.32008
0.0591492
0.0281905
0.220859
3.9907
0.574926
2.46887
0.587883
0.00219347
0.291442
0.455642
0.443888
0.0305328
0.43942
2.4431
1.15858
0.0438045
1.38354
0.852129
1.84834
2.21511
1.13919
0.879258
0.629127
0.0182597
0.659695
2.851
0.0691581
0.888597
2.43669
0.00976392
0.219476
0.623971
1.19313
0.32186
0.793471
2.50906
0.510258
2.41282
0.806596
0.272675
0.379017
0.242288
1.17823
0.541428
0.0826202
0.282512
0.695462
0.0439435
3.03026
3.49622
0.74556
0.16597
0.380773
0.135547
2.2347
0.464423
1.77372
1.07821
0.0204862
2.49394
2.00786
0.0278155
0.0706009
0.271721
0.547691
0.0187893
0.210419
2.99877
0.685619
1.50507
0.443301
0.757815
0.0753496
1.09805
0.944075
1.45973
0.393323
0.364248
2.48272
0.434855
0.549637
1.16857
0.77761
0.244996
0.497514
0.926482
1.54782
0.203345
2.28713
1.37006
0.339281
0.431065
0.725215
2.44753
0.978512
0.276537
0.071112
0.567916
0.00918489
0.244994
3.69225
0.857112
3.71579
1.99742
0.17079
0.142048
0.887208
0.209
0.048644
0.803671
0.800154
0.341674
0.683455
0.0672498
1.44534
2.28259
2.9861
0.0806998
0.474022
1.0991
0.233503
1.54068
0.193141
0.535888
0.242445
0.546548
0.315376
1.08959
2.54593
1.81238
0.651774
1.3643
0.0544343
0.275338
0.733357
0.714252
1.49991
1.56688
0.237294
0.298435
1.2669
0.691386
0.243262
1.83812
0.7928
0.533305
0.815514
0.168176
0.587034
0.548658
0.134768
0.1939
0.153086
0.172773
1.16316
0.81406
3.34186
0.645388
0.761095
0.521635
0.335167
1.36767
1.74907
0.414664
0.192367
1.79897
3.05007
0.126637
1.08707
0.0190248
1.28174
0.351154
3.28162
0.395885
0.157719
0.136308
0.396482
1.83183
1.14074
1.36143
1.38997
0.388431
0.406172
0.0528733
1.02291
0.248036
1.68634
0.18048
1.59311
0.784774
0.0360594
0.355464
0.809121
0.563654
1.19708
5.11308
1.48874
0.337631
0.578942
0.361636
0.724254
0.385386
0.0620501
0.152476
1.17807
0.00543071
1.2905
0.454389
1.4846
0.791417
1.23314
0.457664
1.1274
1.43787
0.278819
3.0488
0.511877
3.97196
0.397529
0.101594
1.08403
0.699437
3.88818
1.66371
1.57361
3.79408
0.397253
1.53259
0.759542
1.01696
0.224951
1.30895
3.03571
1.42572
0.510454
0.55537
1.35408
2.42975
1.25832
0.398738
0.411823
1.01943
2.98879
0.392848
3.37689
0.027712
1.02906
1.19819
0.8499
0.348959
0.0700787
1.21227
1.67207
0.0107296
0.130211
0.303904
1.59328
1.82018
0.2248
0.314922
0.147422
1.55007
2.03428
1.21844
3.09286
2.26525
0.21654
0.433289
0.0029074
3.00717
4.54398
0.377863
1.64594
0.565296
1.9563
1.08886
1.69457
0.210833
3.46463
0.92603
3.1403
0.759258
1.32932
0.43568
1.16156
0.46565
0.293325
0.777593
1.12124
2.21339
0.251153
0.507495
0.788257
1.32181
0.410634
0.302207
1.6973
0.237207
1.26373
3.31682
0.0603154
0.187867
1.39317
0.924652
0.987335
0.295191
3.08622
1.75663
2.15061
0.116326
2.41695
0.384611
1.2089
1.45997
0.204129
0.623287
0.352602
2.42803
0.198023
0.372518
2.44817
5.48479
0.474892
2.28873
1.34842
0.382873
0.121784
1.38416
0.893842
0.0428783
0.105834
2.63389
0.383229
2.19888
0.319747
0.549441
1.28595
1.446
0.268228
1.65783
1.57623
2.58593
0.721879
0.182381
0.693273
0.616533
0.238613
0.0198265
0.116246
1.83371
0.214794
1.30939
3.15607
0.0540514
2.37818
0.209283
4.86987
0.642162
0.202916
2.57901
0.0360748
0.0133174
2.09877
1.64025
1.05912
0.361189
0.126612
0.529285
1.73328
1.35428
0.100542
1.61336
0.162795
0.0472749
1.5299
3.84819
0.339753
1.00282
1.89083
0.919553
0.567625
0.979903
0.0616134
1.07311
0.320281
0.810582
3.3275
1.47733
0.96314
3.36145
0.428015
0.756034
0.0643037
3.45688
0.0243221
1.76633
0.75537
0.957177
2.06063
0.865709
0.326663
0.52314
1.35256
0.417709
0.0498072
1.05931
1.54303
0.572451
0.580788
0.815897
0.163544
2.41247
0.358879
1.95055
0.676958
0.466291
2.66035
1.05164
1.53767
0.14737
0.276794
1.0059
0.0942594
0.500315
1.15218
0.513773
0.691497
0.192248
1.04085
1.05745
0.461838
1.49025
0.492316
0.252758
0.112346
3.53337
0.0846859
1.16049
0.296673
2.35371
0.633799
2.71712
0.672874
1.58364
1.96538
0.985541
0.138202
1.52016
1.08633
1.1822
0.438658
0.175897
0.804102
0.155164
2.54211
0.00645023
0.618543
0.493231
0.336596
1.3582
0.0689
3.89331
0.552087
1.03079
0.250801
0.225339
0.311459
0.474593
1.89443
0.419512
1.20012
1.49942
0.249327
0.848944
0.422954
1.48674
0.285769
0.48179
0.0163618
0.144154
0.60022
0.362457
0.851296
0.0086263
0.835226
0.250945
0.272935
0.959462
0.597227
0.0215116
2.68874
0.56047
1.91729
0.742814
0.0579794
0.0973386
2.76997
1.2398
0.450542
0.0531472
3.63814
0.0698478
4.62653
0.361909
0.847664
0.85551
0.900391
0.0664538
4.43248
0.368307
0.871814
0.270996
0.894581
2.58806
2.50843
0.756505
0.485251
0.522027
1.13011
1.69542
1.04249
0.40508
0.896857
2.32048
0.229173
1.18307
0.251275
0.295007
0.937914
1.51635
0.00457458
0.565735
0.920265
0.0528445
0.664353
2.78026
0.98902
0.0188714
0.360038
0.110869
1.99586
0.210273
0.12397
0.180612
0.307122
2.09258
0.960143
0.183401
0.605658
0.34158
3.25397
0.988153
2.85546
1.33692
0.838439
2.09535
0.0949673
5.1402
0.0428462
3.02265
0.78665
2.4265
0.220627
0.819116
0.543461
0.252505
0.966237
0.185829
0.54794
0.145249
0.018016
0.873793
0.373711
1.53063
1.39493
0.642087
0.948484
2.47067
0.366426
0.427242
0.397625
0.29986
0.304382
0.0968644
0.820367
3.11103
0.427839
2.24088
0.4838
0.162571
0.751257
1.05158
0.1198
0.478348
1.40904
0.254624
0.174867
1.35986
0.0117049
1.99408
0.114161
5.00052
0.816418
3.15528
0.358218
1.16115
2.80234
2.44667
0.370273
0.341425
0.227915
0.491868
2.56807
1.37392
0.0500946
0.444463
0.00842285
0.596203
0.165373
0.889517
0.685776
1.2839
1.68605
2.76358
0.0631097
0.0459462
0.240748
0.973384
0.957738
7.14864
0.0710053
0.10491
1.08302
1.14083
0.360757
0.668994
1.27634
1.22319
0.556551
1.02629
1.00077
0.348594
1.46476
2.27108
0.331662
3.50117
0.582051
0.315691
0.753232
0.433965
3.49736
0.643779
0.724758
0.263012
2.16094
0.635045
0.415391
1.06103
0.2868
0.686613
0.156733
0.103987
0.0920986
0.70697
0.0784383
4.17439
4.25316
1.41245
0.307246
1.29056
1.34556
2.7532
0.0361435
0.403768
2.06349
1.10572
1.78288
0.192576
0.0677102
0.605424
0.0424393
2.32024
0.105713
0.236569
1.81404
1.46282
1.60788
0.595945
0.552825
1.05332
0.90131
1.59017
1.14658
1.99932
1.9829
0.110856
0.0595447
0.85714
4.15789
1.18879
1.68072
0.0799303
0.171437
0.52427
0.250165
0.627639
0.622832
0.0962867
0.15469
0.485204
0.521303
2.36414
0.894378
0.463413
0.219146
0.481314
0.356681
0.131168
0.557613
0.854265
0.148722
0.660714
0.601348
1.71983
0.287671
0.39773
1.52351
1.02203
0.259549
1.16142
0.118149
0.118131
0.391745
0.528893
0.215478
1.25021
1.24956
0.649778
1.31089
0.0431206
0.213309
1.01507
1.08087
0.0849977
0.352136
0.691293
1.63485
1.48597
1.72801
0.506003
1.11193
0.717752
3.60193
0.521963
0.536534
2.07826
3.40659
1.28753
0.578489
0.551261
1.70022
0.352897
2.36596
1.24284
0.235018
0.0638043
0.852337
1.46273
2.63463
0.551622
1.47718
0.340015
0.124974
1.33695
0.0962717
0.658643
1.59984
0.552692
0.519426
0.157871
0.765962
0.13494
0.219846
1.93576
2.43431
1.57186
2.1184
0.536635
0.815911
4.13207
1.31366
1.10869
1.96851
1.6737
0.553207
0.988765
0.257019
2.52897
1.24562
0.615693
1.37842
1.1809
1.42754
0.492947
0.658663
0.679164
2.13601
1.36608
0.225962
0.123201
3.04926
0.713463
0.54003
2.28061
1.09401
0.88949
1.40704
2.73097
3.25493
1.21577
0.452115
1.31257
0.623014
0.406066
2.28066
0.282944
0.760232
0.587823
1.96989
1.61213
1.18478
1.96152
0.897482
0.824648
0.938111
0.100881
0.0340081
0.624845
0.666037
0.257558
0.758912
0.361451
2.51573
2.33273
0.563165
0.635776
0.604992
0.0514729
2.74137
0.442459
2.42974
3.10608
1.90719
1.48402
0.606673
0.595092
0.187785
2.34019
1.18038
1.27561
0.233843
0.37173
1.39127
2.75726
4.71833
0.289722
0.147153
0.289814
3.21957
0.232786
0.666789
0.102328
1.11367
2.41567
1.79586
1.08924
0.167677
0.500036
2.22974
0.499048
1.87401
0.966592
0.0357366
4.69305
0.976802
0.104471
0.148962
3.33365
0.386592
0.821893
0.30177
0.018487
0.454806
0.248885
0.275935
1.47368
1.06683
0.665658
1.3345
0.212641
1.06365
0.016551
2.89471
2.54835
1.69409
4.33961
0.392336
0.23243
2.52775
0.134173
4.3506
0.800101
1.08441
0.97468
0.108306
0.487693
2.62267
0.462704
1.1005
0.0896643
0.871967
0.158094
0.316312
0.554875
0.368549
0.403615
0.134763
0.308459
0.0547433
0.791389
0.773768
1.03322
3.61488
0.184598
0.295026
1.39749
0.539588
0.148375
1.07161
0.360342
0.59162
1.06169
1.05128
1.20156
1.07496
0.540284
0.315116
0.129772
1.09676
2.48394
0.728128
0.116031
0.661246
2.60295
1.32052
0.878329
0.3298
1.88711
3.02051
0.444897
0.646801
1.77281
0.0810793
0.140295
4.91281
1.10639
0.695424
1.25931
0.993172
0.611895
1.5154
1.86256
3.65036
0.953191
0.562152
0.247558
0.0399812
0.713769
0.68081
1.32855
2.37701
0.260517
0.89151
1.43841
0.0466489
0.199742
0.540474
0.240024
1.13648
0.277278
0.390425
1.34745
0.959851
2.34477
0.615567
2.01741
0.319621
0.683571
0.3627
0.104733
0.302548
3.23316
1.97573
0.142346
2.29765
2.39614
1.33261
0.173758
0.292203
1.10804
0.588621
3.49459
2.23603
3.13521
1.69968
0.0411032
0.642447
0.496709
0.163312
0.144823
0.570398
0.980302
2.19599
0.0602157
1.0188
0.0671055
0.0264704
0.176303
0.962212
0.413721
0.200001
2.80877
0.244874
0.718506
0.403074
1.03201
2.42333
1.74794
0.847318
0.222511
1.72115
0.26647
2.62346
2.5943
0.799957
0.504463
0.306483
0.783801
0.447328
2.49022
0.925823
1.60881
2.31437
0.957996
1.6764
1.0189
1.38222
0.499943
0.737808
0.383313
0.399976
1.91339
0.504892
0.118236
0.597396
0.304955
0.554985
0.369584
0.978364
1.07584
1.42012
0.119519
1.06282
2.47639
1.57641
1.23554
0.694581
0.675027
1.31592
0.380986
0.476938
0.197927
0.87871
0.376397
0.2715
1.25183
1.41898
1.18551
0.314459
0.374187
1.42697
0.0363399
3.65547
0.498085
0.378069
2.46082
0.517116
0.857626
0.252025
0.340977
1.24804
1.75096
1.1034
1.3057
2.12035
0.118262
0.443718
0.882833
0.839783
0.388126
1.98516
0.207513
0.659848
0.42123
1.76362
3.23913
0.348888
0.176234
0.449041
0.0385784
0.238628
1.02603
1.55228
0.366842
1.01661
0.305046
0.295873
0.176873
3.34506
0.620663
0.206597
0.285878
0.796111
0.672833
0.597804
0.507803
0.175326
1.22155
0.383733
0.99177
1.56868
0.108066
1.35617
0.919869
0.920496
0.692218
0.34135
0.262302
5.82131
0.383274
0.243252
0.351002
0.427036
0.170736
0.809631
1.72452
1.16992
0.617959
1.88444
1.46135
2.36449
0.716987
0.233671
0.143052
0.405573
1.11894
1.41892
3.0405
0.732106
0.473428
0.182023
2.02678
2.70653
1.12025
0.0040216
3.29118
1.82522
0.420586
2.65521
0.420261
0.262864
0.751899
0.423013
0.972933
1.51128
1.03544
0.0781077
2.00104
0.0378515
2.52067
2.12074
1.80568
1.80727
0.390139
0.158137
0.586002
1.32026
2.14967
3.97704
0.184414
1.07377
0.526913
0.111826
2.8715
0.66973
0.68805
0.564873
0.636385
0.185529
0.446048
0.0139424
0.319307
0.258509
0.673488
0.203657
2.38868
0.0164889
0.616445
0.101232
1.26501
2.2084
0.291069
1.06847
0.280753
1.0359
0.574201
2.01848
0.0106127
0.0140904
0.257748
3.55486
1.31842
1.53829
5.06512
0.633413
0.291806
0.216602
0.162709
0.0654115
0.612659
1.01205
0.700392
2.27097
0.325391
0.593678
0.132477
0.0608194
0.691608
0.785836
0.872015
0.307363
0.818395
0.0184343
6.32024
1.89952
1.34817
0.604814
1.45693
1.54811
0.317803
1.13246
0.0323625
0.316886
1.20734
2.69852
0.0367613
1.00301
0.929781
0.0450972
0.382763
1.58689
0.259454
0.0506532
0.47914
0.380204
2.51492
3.38749
2.87883
0.177214
0.518489
2.28528
0.187276
1.56554
1.99132
0.716294
0.452325
1.94433
0.733039
0.0609966
0.760004
2.45077
0.0489892
0.903613
3.32173
1.86273
0.625175
1.52013
0.62649
0.570084
0.458961
1.5597
0.343233
0.664543
0.50263
0.19834
2.66335
0.202852
0.896653
0.443121
2.57475
0.0349024
0.0119328
0.268084
0.981785
0.959857
0.363206
0.0402369
0.634396
1.04118
0.386491
2.13987
1.16428
0.485885
1.67928
1.02245
1.04507
0.359953
0.237667
4.02414
0.0403111
0.0899205
0.127004
3.16475
3.09475
0.811799
1.26462
0.616732
0.932467
2.07626
0.794869
0.0853321
2.03418
0.775943
0.355933
0.52041
0.149345
0.0843967
0.165957
0.946059
0.0978931
0.128382
0.00977384
0.537607
1.94403
0.716581
0.650026
1.75923
1.54918
1.00102
2.19398
3.84827
1.05243
0.8983
1.59795
0.440052
0.341549
0.102777
0.581853
0.198782
0.0613688
0.0209168
0.548861
0.454679
0.334935
0.426766
0.797563
0.748466
1.40744
0.0873157
0.19568
1.8155
2.44218
3.22231
1.10801
0.187474
1.43724
0.383552
1.07204
2.90325
1.51771
0.560527
1.09632
0.399588
0.144656
1.10277
0.435457
0.0880382
0.444668
0.641508
0.142875
0.203749
0.382895
1.60899
0.296433
0.891504
1.36041
2.38753
0.823048
0.0556471
2.61818
1.40549
0.0479725
1.15236
0.291857
4.18516
0.207891
0.133207
0.173047
0.879446
0.602009
1.16626
1.85099
0.96692
2.29575
0.754551
0.854324
0.161891
2.26725
0.0450112
1.65115
0.547663
0.0221804
0.0715066
0.63568
1.30143
0.0268831
0.192821
1.4147
2.71199
0.449043
0.43622
0.846118
0.96433
0.25776
1.34496
0.396227
0.00297853
0.419407
1.10091
0.306227
0.487206
1.27283
0.352758
0.977892
1.18612
0.898665
0.407466
0.115519
2.46229
0.43187
2.9562
1.93544
1.07734
1.79804
2.12141
1.87104
2.97177
1.09921
3.33799
0.155027
0.469279
0.549595
1.48827
0.979881
0.302172
0.486629
3.47775
4.03917
0.182127
0.499955
0.0510842
1.16855
0.141587
1.91641
1.1681
0.397111
0.57048
0.449562
0.868813
0.273884
0.35378
0.918852
1.77245
1.55263
4.31385
0.143584
0.371232
1.19578
0.0269455
0.906876
0.114501
2.2805
2.29798
0.462123
0.249316
0.109646
0.678772
0.338858
3.79462
2.88196
1.73668
0.183102
0.400836
2.06794
0.120087
0.0539318
0.0989552
0.403035
0.151755
2.26957
0.708894
1.0089
0.00542614
0.156662
0.0566851
3.11279
2.19612
0.17161
0.502828
0.481486
0.268918
1.35781
0.597904
0.819357
2.06643
0.220204
0.254548
1.07463
0.0195742
0.223317
1.45782
0.81872
2.0709
1.04113
1.72667
0.0133874
0.769637
0.111066
0.211633
0.364492
0.448432
2.56893
0.874631
0.582034
0.758621
0.278752
1.76322
0.305394
1.02491
0.169673
1.24713
0.044307
0.43483
0.0722262
0.529471
0.0860204
1.80533
3.95449
0.730128
0.99407
0.926762
1.56406
6.97294
0.0415338
0.965349
0.0605637
0.0419291
0.682041
0.0730379
1.0703
1.34298
1.77268
0.129646
1.10618
1.72052
0.0875032
0.0787334
0.84348
0.230878
0.183691
2.43137
0.259852
0.0815201
1.57292
2.91837
0.917269
0.469401
0.229461
0.652064
0.093024
0.110591
0.933246
1.32966
0.749586
1.39204
0.238857
0.12715
0.617627
0.165068
1.73812
2.13815
4.6373
1.25968
0.728889
1.05453
1.73624
0.935445
0.86314
3.14018
0.449839
0.926703
0.187333
2.01219
1.09068
1.36006
0.495572
0.184468
2.88396
0.846193
0.382301
0.137371
2.27992
1.7865
0.657984
1.57182
0.867589
1.51613
1.39524
0.046371
1.77454
2.49254
0.0646608
0.200563
0.353249
3.03742
0.992573
0.955161
0.00288438
0.0215041
0.40751
0.755655
0.0753264
1.65274
1.67449
1.46399
1.4938
0.0966289
0.5624
0.048528
0.387213
0.620179
1.78918
1.26762
0.00329606
0.62757
0.0102647
1.24088
0.248555
0.327818
2.75405
0.0323632
1.05714
0.153584
1.40427
0.303541
0.612577
0.304206
0.21836
1.8215
1.24011
1.06685
0.626415
0.92725
0.727802
0.663413
0.182187
0.0917519
0.275671
1.82593
0.0158495
0.322658
0.0921942
0.985715
0.0556038
0.319178
2.7187
0.300028
1.98636
0.16241
1.27771
0.149838
2.15285
0.758829
0.00718616
0.979692
0.447017
0.0394048
0.374647
0.0882006
1.01218
0.76989
1.62449
2.86121
0.894359
0.438834
0.748596
0.209097
1.79222
0.103992
2.80917
1.29335
2.93684
0.700135
1.44313
0.156535
0.787217
2.15192
0.452474
0.0267318
0.205692
0.171007
1.4279
1.22681
0.357609
0.18545
0.171305
0.915446
0.209801
0.0979443
0.577581
0.946861
2.0914
0.0480317
0.598275
3.61246
0.159292
1.36079
0.104217
2.07377
0.571367
4.43239
0.343688
1.26857
0.509999
0.137016
0.807944
0.658461
6.34162
0.206955
1.74542
1.25764
1.0685
0.408473
0.37987
0.0475119
1.28583
0.899678
1.01492
1.16867
1.76527
0.239038
0.557288
0.561613
3.44682
0.0525662
0.91658
1.71275
0.212252
0.562876
0.0463798
2.35638
0.940787
0.608732
0.0950351
1.22675
0.112849
0.881434
0.474702
2.08757
0.930111
0.421944
2.55369
0.655445
0.0397533
0.709082
0.0743961
1.19887
0.307279
1.77936
1.83667
0.427588
0.0816538
0.562468
1.06762
1.04329
0.234874
0.369784
2.8231
0.446304
1.23388
0.214913
0.155951
0.82971
0.70115
1.71588
1.90338
1.19506
0.0422623
0.154231
0.496927
0.246287
2.59804
0.733655
0.043128
0.292116
0.277168
2.16594
0.376433
2.80631
1.92925
0.15363
0.112714
1.66492
0.477633
0.838109
0.837094
0.769577
1.43724
2.15859
0.450581
0.911474
0.546112
1.84736
1.56571
0.0628311
1.46642
0.967211
1.0125
0.722821
0.909639
0.206213
0.0154927
0.583424
0.293249
1.9623
0.845051
1.68767
2.08165
1.31343
0.404645
0.781436
4.48168
0.464348
0.371034
0.777613
1.38268
0.321136
0.579708
1.0876
1.48548
2.07509
2.57387
0.666563
0.0938021
1.00976
0.159027
0.0466944
0.056051
1.2682
0.517623
5.68879
0.316177
0.014945
0.612882
0.519321
0.678752
3.46289
0.921232
0.462385
0.364633
0.749739
0.391968
0.0353574
3.45598
1.6195
2.95616
0.191854
0.23403
0.848355
1.1058
0.738756
4.82997
1.01523
0.370647
0.286618
0.39413
0.218494
1.56677
0.955133
0.000882324
2.39148
1.82159
1.17852
1.85428
0.139297
1.35994
0.322005
0.729501
2.22062
0.167959
0.961738
0.240761
1.02697
1.55314
0.617546
1.04337
0.713573
1.30285
3.60144
1.26695
2.20743
0.772124
1.12561
2.19665
0.740511
1.60197
0.227196
2.25395
2.62299
2.04375
1.74208
1.33075
0.0130661
1.17532
0.0606186
0.063178
0.0277937
0.26596
0.536473
0.0514117
0.888759
2.13733
0.391016
1.05662
0.678505
0.56356
1.01933
1.12726
0.24563
1.06937
1.44411
0.934432
0.946419
0.68338
0.483043
0.32357
0.103633
1.28279
0.0848994
0.743551
2.64425
1.38322
1.1945
2.01548
0.675111
0.96787
0.17325
1.70839
0.668124
1.06907
1.45523
0.0237443
2.49174
0.337613
0.499171
0.916205
0.242051
0.827419
2.57639
0.278302
1.03995
0.983049
0.50147
0.703953
0.120045
2.64562
1.34557
0.557916
2.10783
0.566747
1.92635
0.235498
0.533049
0.175186
1.3176
3.73738
0.776106
0.742989
1.95652
1.83222
0.455759
0.996923
1.33105
0.605605
0.113269
0.565551
0.584213
0.0202121
1.75638
0.00189367
0.623226
0.388362
0.463313
0.696793
1.11907
1.49388
0.361444
0.587031
0.369374
1.18595
0.807236
1.42251
0.054241
0.0212338
0.970247
1.94347
2.49268
0.954306
1.20227
0.484624
0.740772
1.95945
2.17745
1.17284
0.862052
1.66282
1.35221
0.170299
2.06006
0.53858
2.27345
0.638676
3.26715
0.53536
0.18826
1.24889
1.72702
0.587742
1.09958
1.00855
0.298888
0.989236
1.27138
3.71325
0.891625
0.527443
0.271564
1.42151
0.269904
1.59272
3.11224
0.911442
0.243267
0.36136
0.562665
1.66324
0.330128
2.1244
0.266458
1.54198
0.579379
2.21133
1.22605
0.701311
2.74495
1.58561
2.20652
0.412896
0.544935
1.00738
1.63222
0.453044
5.18176
0.908885
0.108796
0.305332
0.0875542
0.0164751
0.37042
0.933971
1.14177
4.81718
0.419569
1.72205
0.501487
0.642078
1.75426
0.566805
3.06786
0.154329
1.65186
0.424877
0.398775
1.19489
2.51761
1.80942
0.648069
0.293521
1.51546
1.1818
1.91338
0.686972
0.641004
0.764754
0.35166
2.37256
0.34735
1.11162
1.1365
3.6898
1.07519
0.119469
1.41538
0.974039
0.0498473
0.361114
0.114402
0.258381
0.158513
4.69368
1.22142
1.00888
3.73176
0.322752
1.29186
0.360486
1.37045
0.377523
0.715114
0.420641
0.453059
0.544859
0.297459
1.02156
0.137539
0.456487
3.04429
0.542899
3.48567
0.869253
0.461569
1.28016
1.61231
0.932839
0.691688
0.0567006
0.0174505
1.29064
1.19015
0.173706
4.61616
2.75108
0.0354917
0.390301
0.724078
1.02185
2.18135
2.80778
0.942126
0.346158
0.81302
0.125847
1.53318
0.0770568
3.62114
0.0662467
3.34063
0.190205
2.23184
1.10978
0.988671
1.10542
1.72177
0.358708
0.444252
0.211675
3.75046
0.101135
0.0538763
0.772633
4.05405
0.332202
0.329114
0.304374
1.25135
3.47876
2.97627
1.84929
1.26509
1.09408
0.377919
0.761742
4.27866
0.484459
1.0672
0.238895
0.666135
0.895992
0.608396
1.0098
1.74683
0.677629
1.67682
0.461891
1.18061
0.188846
3.98905
0.491497
0.362421
4.22552
0.546764
1.62163
3.78798
0.237773
0.806286
0.75859
0.187706
0.69841
0.742716
1.82757
1.81983
2.48352
1.22914
0.934904
1.53845
0.577272
0.55129
3.98702
2.09827
1.60746
0.506442
0.863554
0.465395
0.138095
1.85748
1.82487
0.615999
0.721876
1.41846
0.347763
0.165466
2.20798
3.15692
0.739837
0.0722315
1.85166
1.383
0.509911
0.474634
2.19222
1.16987
1.89702
0.171874
0.8403
1.88049
1.58878
1.67273
0.381702
0.23876
0.228921
1.46637
0.597399
0.591781
0.279937
1.20371
1.95195
0.0447451
0.53475
1.3307
0.0364342
0.143434
0.253172
1.41846
2.29685
1.09533
0.67006
1.30035
0.77127
0.69808
1.02221
0.264537
0.684652
0.0777019
0.850646
2.99387
0.671625
1.11173
0.670755
0.816617
0.769488
0.200184
3.53261
1.48853
0.547888
0.17914
0.0729833
1.07587
0.114535
0.631137
0.870805
0.0991031
0.32808
0.395871
2.01729
0.564273
0.73083
1.73599
0.940405
1.1855
1.61757
2.72328
1.11684
0.588736
3.44581
3.45214
2.2645
0.545259
0.909969
0.171292
0.0900846
0.521088
0.413993
0.475768
1.27928
0.582287
0.155907
0.807045
3.31521
0.537826
0.0828488
0.14284
0.570876
0.498646
0.56198
0.280707
2.73829
0.839858
1.08589
0.885946
1.41262
1.15953
0.63263
2.86257
0.88038
2.55458
0.895862
0.351803
0.118102
1.52297
0.54356
5.3613
0.508944
0.497602
0.57224
0.0979478
1.83476
1.21482
0.747624
0.111573
0.0786366
0.889192
1.97898
1.36595
1.02675
0.897666
0.963293
2.29099
0.376024
0.17348
0.163076
0.0985109
0.101665
0.89063
0.480803
5.15179
1.08417
1.05706
0.180284
0.107597
0.985003
1.75044
0.155835
1.38007
0.794737
0.622284
0.290968
1.23829
1.33991
1.73587
0.493782
0.407689
0.0813276
2.14121
0.0556729
2.6177
2.34381
0.0867127
1.31483
0.387944
1.23624
1.60456
1.20521
0.0652441
2.69963
0.171433
0.852123
0.533703
0.520964
0.0943554
0.457914
0.737668
0.196764
5.49343
0.201327
0.737791
0.457431
0.273377
1.11638
0.0643237
0.585969
1.86573
0.509486
1.73844
2.79158
0.250826
2.15424
2.99196
2.54771
0.699554
1.26193
4.01866
1.6389
0.218502
0.548582
2.35009
0.041547
0.233391
2.98601
0.193945
0.0704125
0.0408845
0.991654
0.309562
0.790909
3.13247
0.249036
0.136652
0.355961
0.31538
0.330451
0.335902
1.16858
0.766982
0.684943
1.44614
0.218086
0.491522
1.75004
3.17889
1.93817
0.0656595
0.49439
1.21107
2.39366
0.202941
1.67565
0.383662
0.708049
0.387442
0.632988
0.22171
1.10505
0.0444725
0.691976
0.909998
1.44534
1.10568
1.51041
1.3928
1.61827
1.60521
0.117289
0.186731
0.694832
1.80644
1.75887
5.44248
1.32798
0.166847
1.28119
1.20844
0.345134
0.460332
1.35047
0.0752348
0.104635
0.2581
0.287197
0.511705
0.0712486
0.0361875
1.75256
0.13908
0.747226
0.303427
0.727174
1.64934
1.79354
3.28919
0.313937
0.125885
0.277709
0.0183491
2.13964
0.0179688
0.334381
1.64422
0.200485
0.793422
0.0647895
2.46581
0.509836
1.42443
1.20717
1.34903
1.34854
0.459638
2.15356
0.575132
4.20756
0.279943
2.948
0.790368
1.00619
1.02449
0.329075
1.97533
0.860353
0.221079
2.76227
0.932624
0.796325
0.171691
0.361046
1.77996
1.39722
4.70113
0.533479
0.0805302
2.46384
1.14521
0.0870275
1.7701
1.55904
0.319595
0.518543
0.0388911
1.04218
3.39199
0.42177
0.0792173
1.02365
0.0465209
0.212231
2.3261
0.108464
0.246313
0.541938
2.2902
1.62534
0.815057
0.162496
2.13353
3.87732
0.188019
2.10379
0.119896
0.814064
3.47725
0.383892
1.56383
0.489111
0.564712
0.467802
0.597147
0.796679
0.191295
0.0373781
4.05149
1.68642
0.299878
1.54842
0.843061
0.224499
1.22344
0.713063
1.21464
0.252218
0.603049
0.35719
1.22218
2.45676
0.14973
1.06555
1.06089
4.00839
0.688899
0.645179
0.630564
0.804702
2.31899
0.0775784
0.0534157
2.21279
1.03057
3.17903
1.94188
0.195077
2.39383
0.706128
3.8097
5.82882
0.0752799
2.27877
0.0162883
0.709636
2.74273
0.95209
0.351926
0.594044
1.78349
1.15423
1.47867
0.0994544
0.152903
0.607149
2.91777
0.0998911
1.13683
0.124829
0.673772
1.09331
1.0818
0.668074
2.08722
0.088533
0.72941
0.88148
0.351841
1.00895
1.11214
0.618896
0.567897
0.169439
0.870597
0.486178
0.219032
0.294945
1.95148
0.0542931
0.646148
2.07591
0.0305928
1.3998
0.143602
0.450924
1.16091
0.874538
0.00964975
0.756884
0.135395
1.34755
0.744559
0.260074
0.505225
1.14865
1.00408
2.58661
1.05362
0.699209
0.378329
0.628695
0.138942
0.288337
0.882021
1.45827
1.29084
0.147511
0.0881468
0.657527
0.118627
0.801828
1.12956
2.59055
1.20453
1.0141
0.293894
0.582209
0.351912
1.70484
2.282
0.263046
0.338221
0.0996252
2.60871
0.269188
0.491294
0.217456
8.76622
0.0995852
0.858085
1.31368
0.49576
0.535766
1.06672
0.488386
1.73318
0.99058
0.132267
2.03087
1.92605
0.835352
0.608911
1.89367
1.12416
0.751698
1.44427
0.583034
0.532061
0.133106
2.06963
2.28357
0.771346
0.553584
0.368531
0.15974
1.70197
0.0791306
0.509431
0.808194
0.511805
2.80352
1.6166
1.83936
0.0748903
0.782924
0.0540265
0.711242
0.701845
0.179553
0.683937
0.318223
0.499686
1.27768
2.05813
0.0391238
1.5308
1.62229
0.228348
1.47862
0.877408
0.16188
0.197104
0.262325
0.358493
1.15371
0.230632
3.92437
0.433293
1.52742
0.756142
0.466305
3.22177
2.25385
0.43901
0.259464
0.94184
1.91986
1.52809
1.8834
0.332817
0.2658
0.842996
1.10662
0.37072
4.39622
0.185147
0.510268
0.79833
0.2684
0.43687
1.42012
1.76648
0.828705
1.65905
0.114437
0.0830065
0.6574
0.7529
0.211012
0.634472
1.50385
0.853409
2.73233
2.96208
0.547503
1.74185
2.20434
0.098964
0.521392
1.20067
0.205446
2.66296
0.571908
0.704431
0.172568
0.585907
1.30272
0.0885382
1.35768
3.05868
0.457105
1.16898
0.870939
0.192744
0.901528
1.1368
0.542868
1.92363
0.282165
0.745829
1.56766
0.177175
0.120518
2.00906
0.33525
1.3013
0.569952
2.27546
1.19206
0.0910951
2.7983
0.313873
0.386293
1.06575
2.50176
1.64761
0.312629
2.0787
0.973062
2.22235
0.278023
0.106637
3.5228
0.127192
0.689616
0.00365868
0.0184771
5.16145
1.97586
1.4607
2.51259
1.65911
0.953147
0.258813
0.247445
1.02208
1.67855
0.225094
0.268697
0.513113
0.188463
1.42248
4.2236
0.369294
0.0291193
2.65865
1.14679
1.34783
0.113206
0.572389
0.173032
0.691398
1.50664
0.55965
1.32741
1.50418
0.457005
2.69599
0.0318695
1.32566
1.06765
1.20549
0.0133966
0.747192
0.231753
0.762797
0.155039
2.14015
0.425424
1.42597
2.91411
1.88523
1.44965
0.739077
0.681571
0.230603
0.752032
1.65104
0.495306
0.281922
0.0117593
1.2668
1.00197
0.0589205
1.46924
0.499679
0.589546
0.375786
1.11501
0.226582
0.956958
0.993637
1.42507
0.411762
0.183669
0.0183446
0.266143
1.48726
0.356415
1.14877
1.32162
1.29903
0.571928
0.638942
0.990618
0.183695
2.97978
1.05657
0.584277
1.38859
1.11629
0.444452
1.2044
0.878764
1.013
0.0620638
0.727904
1.1205
1.09713
1.14252
0.0523718
0.826223
0.529971
1.02228
0.857335
1.36492
0.228758
4.76456
0.474513
1.31562
1.23495
0.0953053
2.71187
0.372219
1.41721
1.47822
2.21193
0.687332
4.40265
2.04548
0.30109
2.91514
2.6843
0.131912
2.53279
0.195665
0.0584394
2.99506
0.0375862
2.01859
2.54001
0.568408
0.382925
1.05298
0.0864395
2.70991
0.186715
0.577907
1.15633
0.200723
1.34868
0.0374299
1.36805
0.629322
0.931399
0.047608
0.0810463
0.80245
0.566441
0.614673
0.734079
0.420575
0.357792
0.142472
1.05757
0.00890446
0.92167
0.561683
0.83317
0.248184
0.513378
1.15565
0.471765
0.717398
4.69254
2.1695
0.211071
0.452048
4.06985
3.26347
3.47207
0.735067
1.35187
0.55592
0.476304
0.412161
0.217893
1.3733
0.113515
0.620131
0.179282
1.53526
0.428134
0.0418088
0.195473
2.56554
0.232174
1.74083
0.703898
0.0757186
0.958488
0.0177291
0.858719
1.05698
0.0204521
0.769096
0.378091
1.86018
0.816246
0.59801
0.0408489
3.00703
1.4564
1.61039
0.732046
0.703565
2.53603
1.3803
0.739726
2.95013
0.0343085
0.0418365
1.60271
0.128032
0.336515
0.163621
1.42245
0.976325
0.175502
0.148331
0.465769
0.161038
2.80684
0.28707
1.41658
0.361962
0.427364
0.911622
1.55833
0.163897
0.154326
1.93407
1.10256
1.24283
0.224144
1.83963
1.78436
0.00405471
0.310647
0.12454
2.03348
1.941
3.06158
0.293958
0.136993
1.09021
1.49633
0.365251
0.999923
0.814225
0.083834
0.209
0.861416
0.0180526
0.761943
0.202939
0.235926
2.12307
0.775579
0.796029
0.21486
1.9769
0.51957
0.453305
1.22366
0.344219
0.443976
0.170978
0.613017
0.778135
1.02862
0.885579
0.837988
1.60164
1.61828
0.774585
1.6021
0.355907
0.0122697
0.374754
0.0684966
2.18364
1.8277
0.365283
0.324889
2.04026
0.173988
0.805747
0.932185
0.751659
0.156412
1.5775
0.115707
0.425255
0.19322
0.450209
0.246282
0.0511561
0.432526
0.129787
0.100729
2.11419
1.86644
2.14793
0.0925516
0.179785
1.54719
0.416266
0.882126
0.263265
0.811337
0.477073
0.64392
2.79985
0.553303
1.73871
0.0638761
1.32208
0.413888
0.174771
1.9838
5.41788
0.304622
0.867858
2.99686
1.13142
0.0265444
1.68148
1.23272
1.31915
2.03578
1.0046
1.44162
1.17035
4.69793
1.08148
0.99127
1.95523
0.38616
0.170339
0.18841
0.127516
0.608668
1.87183
0.476098
0.0214723
0.282049
0.690516
0.10963
4.1959
1.84998
3.88249
0.649509
1.76212
0.253215
1.56749
0.661186
0.716304
0.148774
1.34944
1.77796
0.0433289
0.275155
0.334158
1.20701
1.65085
1.4105
0.451881
0.222818
0.279597
0.59275
0.0809205
0.539297
1.25275
2.03138
0.530586
2.03734
1.38064
2.76437
0.547706
1.66002
0.445699
1.168
1.42982
0.464533
0.0719333
1.47863
0.268512
1.95937
0.645068
1.11551
0.224008
0.92808
1.2445
4.17844
0.020941
1.4665
5.5122
0.131214
0.854497
0.240338
0.896277
1.51486
1.75786
0.149328
4.61754
0.194262
1.9873
0.848203
2.00048
1.10198
0.57795
3.5277
0.617135
1.00959
0.143532
0.250937
0.606949
1.37231
0.574376
0.139994
0.0522854
1.01258
1.4558
0.134133
0.0790935
2.05298
0.379354
0.432884
0.223463
0.977983
2.04457
0.851127
0.0284882
2.65725
0.363068
0.487485
1.52292
0.932009
0.360821
0.112111
0.830061
2.95311
0.0673061
0.529723
1.46287
0.192189
0.237061
0.360739
0.118715
0.304244
2.63086
0.334963
3.20578
0.297459
0.702548
1.51234
0.15558
0.649295
1.77511
1.39503
0.375581
0.0885894
0.19327
0.298623
3.90609
0.574032
0.973319
0.239905
2.51134
0.429734
2.11745
0.0534336
0.376377
2.71593
2.30289
0.15271
0.16456
0.0276822
1.17626
1.72866
1.40692
0.499329
0.0401137
1.44385
0.0477599
1.87063
0.601103
3.12253
0.188698
0.276487
0.873397
0.104485
0.56486
2.03575
0.953642
0.535469
0.132226
0.226607
1.05295
3.17543
1.96079
0.199215
0.0147778
0.529891
0.194063
0.26973
0.78712
0.00699336
2.0881
0.146407
0.623655
1.43134
0.485441
0.433853
0.212242
0.680847
1.10029
0.186577
0.905623
0.300351
1.3264
0.0224541
0.942689
1.35831
0.960573
0.977841
2.01089
2.8392
1.78945
0.549828
0.0609842
0.0152314
1.74609
0.861634
0.140722
0.844739
1.00072
0.256726
0.01797
1.82056
0.121248
0.176047
1.23993
0.233826
0.659598
0.19095
1.15383
0.522306
0.84375
0.388687
0.434916
0.25318
0.353786
0.167699
0.152006
0.170793
0.170286
0.734926
0.0167484
0.866038
0.132075
0.0172537
1.91666
0.117957
0.577803
0.414108
2.14768
1.44005
2.31919
1.84412
1.10989
0.107262
3.11483
0.641921
0.714225
0.226617
1.24677
2.26679
4.80257
0.632619
0.331286
0.0913817
0.789984
0.742073
0.34491
0.00586077
0.293841
0.413937
0.385212
0.00187185
2.45064
0.688872
0.109438
0.824223
0.542045
0.0857146
1.92352
1.22117
2.14836
0.0348175
1.45372
2.24722
0.924705
0.0524545
2.48308
1.04641
2.86636
0.0697071
0.119756
0.277189
0.793952
0.22784
5.15753
1.68598
2.16505
1.17051
1.14274
0.0343671
0.0526337
1.23895
0.970327
0.0256946
0.0201604
0.484084
2.506
1.27346
0.064561
0.158746
0.500275
3.70845
2.68385
1.21005
2.23332
2.08583
0.873725
0.471981
2.98385
0.618988
1.17809
0.286664
1.59715
1.60888
0.0426086
1.2713
2.91047
1.53713
2.87121
0.383564
0.04005
0.417905
0.381051
0.72795
0.864477
1.64454
1.45156
0.0292473
0.22194
0.194982
0.0549974
1.14945
1.15232
0.991829
1.36468
0.386127
1.06227
0.308198
0.607687
0.437385
3.05596
0.477928
0.160845
1.06999
0.164677
1.22627
0.231197
0.265467
0.367846
0.0834102
1.01222
1.54958
0.127651
1.32941
1.16785
1.3102
3.66423
0.0674651
0.51685
0.540946
0.00938037
0.0700877
0.177258
0.700575
0.341304
2.86701
0.201505
0.154776
0.602959
0.408174
0.0684967
0.693095
1.52149
0.819997
0.0145438
0.690032
0.754782
1.76471
0.117692
0.101087
0.845118
3.03701
0.22598
0.630541
2.6429
0.329513
0.390072
0.590382
0.94903
1.45304
0.447808
0.380018
0.346801
2.40717
1.21732
0.995336
1.86614
0.118915
3.87553
0.0908646
0.779623
0.613015
1.11728
1.25889
1.40926
0.411658
0.521307
0.964071
0.601295
0.587188
3.02
0.385649
0.554686
1.17977
1.13171
0.571607
0.352555
0.445171
0.0598816
1.54125
0.872733
0.456436
0.0990042
0.443195
1.72132
0.0373448
0.0806656
0.845149
1.19168
2.01834
3.50661
0.212631
0.425789
2.45724
1.98323
2.87358
1.11089
0.256569
0.613579
0.412271
0.358731
0.550521
0.415903
0.920019
0.16585
0.00217332
2.10163
1.15964
3.04759
0.255382
0.0870513
0.353993
0.0131362
0.817163
0.583599
1.00545
1.01933
0.748413
1.65054
0.0962397
0.0285299
0.903582
1.71463
0.882374
0.343976
0.21871
3.41893
0.374254
0.367596
0.525359
0.557826
1.55696
0.739626
2.42739
0.105622
1.88491
0.699222
1.95593
2.08057
1.88575
0.0968516
0.0647395
0.109332
1.94427
0.413674
0.719923
0.651958
1.51244
0.01438
1.01475
0.0914694
0.688736
0.700441
3.14489
0.291621
3.00324
0.121682
1.70362
3.97506
1.56565
0.583499
1.31316
0.348557
1.4142
0.382443
0.714802
0.804951
0.227679
0.0881986
2.17775
3.78199
0.499762
0.607447
0.778435
0.00541373
0.0654981
0.0566286
0.983986
2.0296
0.825683
2.14373
1.32783
1.68773
0.516783
0.506339
0.00877073
1.51323
0.648768
1.19647
0.965141
3.70489
0.41327
0.437873
0.22068
2.02928
0.0138178
1.85788
3.20832
0.372086
0.850973
0.283177
0.258065
0.229825
0.43301
2.24464
2.05754
0.0236912
0.157781
3.89389
1.42689
1.26449
3.47968
1.59577
1.29748
0.14994
0.0107772
0.261426
1.70847
2.61698
0.410742
0.48369
0.851717
0.014364
0.805149
1.83378
3.39621
0.497921
0.173568
2.41874
0.381408
0.839134
1.045
0.626459
2.37356
0.319021
0.740462
0.593133
0.459361
0.52093
0.447197
0.0122354
4.51258
2.64423
1.59391
0.468081
5.0182
0.689026
2.14542
2.34311
0.886947
3.35308
1.01687
1.60704
0.0991572
0.847893
1.73227
1.26618
1.83064
1.02902
3.16743
0.196133
1.03052
2.22119
0.568868
0.258927
1.22152
0.0674275
0.213421
2.43654
0.68633
0.871257
2.21859
0.500731
1.85738
0.0569794
1.33572
0.273629
1.71246
0.174245
0.25045
0.411178
0.312764
0.147469
2.23756
0.199081
1.84973
0.592279
3.83109
1.84235
0.302942
0.768813
0.193575
1.90872
0.199026
0.718049
0.316814
0.539977
0.747222
0.955664
0.413805
2.49174
0.574553
1.73879
0.288087
0.630299
0.0567744
1.05886
3.36622
0.652119
0.394922
0.308854
1.02301
0.91205
1.1488
0.490272
3.85343
0.211298
0.0325793
0.199306
0.578094
0.935524
1.66041
0.264991
2.53361
2.14072
0.036698
0.123099
0.456381
0.21852
0.309916
0.881089
0.434725
0.677716
0.149547
0.54518
0.197156
2.7642
1.59785
0.145381
0.261145
0.875194
2.32357
0.459972
0.583612
0.780312
0.155024
0.892242
0.916012
0.280914
0.269427
3.54402
2.01907
3.4076
0.214022
1.33577
0.648213
1.08546
0.450935
0.143276
1.67123
0.500993
0.203084
0.279846
0.280683
0.154801
2.09704
0.405942
0.0486326
0.98594
0.570118
0.133945
0.575165
2.25275
0.145021
0.646342
0.498252
2.84646
0.847558
0.324897
0.291268
0.405239
1.18921
0.0939902
0.380806
2.70671
1.34605
0.00423723
1.03995
0.251045
0.0429734
0.762488
0.122748
0.493469
1.45727
2.88024
0.449206
0.551925
0.370158
0.465981
1.40974
1.35814
1.43348
0.372127
1.35883
0.814156
0.279739
0.890985
5.61448
0.1375
0.123079
2.02299
1.16228
0.41661
0.132204
1.59726
2.14997
0.900675
0.508178
0.782071
0.878366
2.63861
1.99092
0.118684
0.253033
0.68594
0.111402
0.107126
0.912054
0.00755459
0.0326164
1.92945
0.143591
0.996323
1.39023
1.59104
0.147505
3.20839
0.0108445
1.37705
0.319367
0.1285
0.318132
0.502997
2.04317
2.05026
0.0148446
1.43186
1.9408
0.962599
0.25773
0.727514
0.148911
1.14556
0.233378
0.333582
0.0484366
1.88532
1.41353
1.12627
0.11558
0.299161
1.01523
1.48957
1.84236
0.0374951
1.59009
3.16638
0.762323
1.16204
0.237268
0.831394
0.0333128
0.304036
0.700975
1.3384
0.595526
0.842334
0.595021
3.45699
0.457522
0.313184
0.494245
0.434475
1.15546
0.949144
0.261225
0.467593
0.669165
1.52747
0.124821
0.157122
0.740611
0.366078
0.315942
0.630676
1.4702
2.01845
0.606904
1.58818
0.441368
3.37787
0.792245
0.318817
1.04677
0.440628
0.442655
0.423157
1.24285
2.84691
0.508184
0.156753
0.778536
2.41786
1.05013
1.81958
0.634028
0.32844
0.769162
0.522769
3.26715
1.30041
0.343983
4.46534
1.06623
0.960503
1.15682
1.50738
2.83882
0.593682
1.18674
1.55186
0.998415
0.943891
0.0812773
0.307181
0.410891
0.357299
0.0898694
0.63079
0.0546512
1.1449
0.771999
1.10868
0.158695
0.0213101
0.453579
1.30756
0.583645
0.456661
0.465346
0.514375
0.556383
0.875341
0.612804
1.08042
1.27816
0.0676142
1.61438
1.29033
2.40001
0.334042
1.01052
0.280995
0.840837
0.641541
0.165479
0.139779
2.62893
0.249047
1.44606
2.17228
2.7649
0.670232
0.791248
4.80694
1.3777
1.19853
3.83591
1.92485
0.908163
2.11037
0.353374
0.173168
2.36375
0.94113
1.36529
0.0758575
0.0486869
0.706042
1.42325
1.09306
1.07568
0.386678
1.59106
0.175516
1.06208
0.491997
1.83256
0.227199
0.15556
0.112189
2.42903
0.147915
0.442016
0.496695
2.49802
0.786773
0.433938
1.11865
0.0183374
1.24753
1.65334
1.84579
0.468281
0.803401
0.7229
1.66319
0.895219
0.848753
0.337154
1.89248
0.654869
3.28767
0.00827371
1.20953
1.80195
0.84285
0.270852
0.972038
1.98397
0.90916
0.469679
2.90977
0.937832
0.28245
1.62152
0.849386
0.306104
0.179493
0.825963
1.70289
0.883668
0.878301
0.189001
0.690952
1.84588
0.387279
4.19951
1.69709
0.976509
0.538942
0.136845
0.990376
1.27853
0.167972
0.708596
0.029973
1.59498
0.504169
0.960434
1.69491
0.0263916
1.38389
3.02412
0.446019
0.123244
3.00776
1.26579
1.16035
0.131968
0.00399295
0.256787
0.168727
0.441856
0.138707
1.82803
0.00579707
0.365327
0.44796
1.17575
0.31929
0.018509
1.41656
0.721554
0.0796062
0.996438
0.95466
1.83734
0.134119
1.9462
1.66794
1.00095
0.582585
0.16554
0.618492
2.56111
1.34014
5.48775
0.56778
0.633921
1.15985
0.314342
3.00851
0.888853
0.461581
0.0691724
0.67899
0.44078
0.996187
0.533641
0.722482
0.193716
1.28185
0.472559
0.12243
0.430508
1.18944
1.63822
1.28168
1.28931
0.341364
0.829978
0.0895805
1.37651
1.34165
0.716009
0.577843
0.401665
2.05879
1.30672
0.793824
1.63603
0.153953
0.721214
0.778235
2.80599
1.69349
0.716735
2.38578
0.700045
0.598497
0.0389665
1.97757
0.191684
4.52116
0.0940654
0.445194
1.2638
0.401428
1.89107
0.745145
0.370894
0.0600552
0.877191
2.84043
1.02599
0.184791
1.38863
0.407318
4.24234
0.096131
1.80638
0.796116
1.71093
0.0694854
0.0142403
0.472564
1.44907
0.0303717
0.0409783
1.61002
0.996003
0.792575
3.2453
0.717132
0.151123
0.0677493
0.235798
0.205906
0.888065
1.35108
0.555388
2.39154
0.0854718
0.631799
2.92637
0.524029
0.350768
0.446678
0.399615
0.338995
1.35164
2.27702
0.678
0.384937
0.534976
0.267734
0.0853367
0.0427964
0.509998
1.33477
0.793231
0.494148
0.687709
1.22896
0.0533883
2.25005
0.3166
0.685062
1.71095
0.102768
0.0382319
1.11829
1.71896
0.299563
0.301679
1.67491
1.54299
0.189814
0.872072
0.8115
0.596323
3.35286
0.31539
0.103204
1.0585
0.105588
