-0.592332
0.952815
-0.896124
0.933297
0.934222
0.213373
0.203379
0.169817
-0.754433
0.99965
-0.265295
-0.732796
0.949025
0.567303
-0.999992
-0.574776
-0.883195
-0.913973
0.429237
0.975136
-0.103397
-0.876311
-0.20364
-0.738139
-0.985004
-0.999302
0.124805
-0.830672
0.786571
0.488072
-0.752038
-0.928022
-0.865755
-0.991153
0.0763136
0.977673
0.865254
0.89296
-0.481077
0.737997
-0.830111
0.830149
-0.993333
0.814984
0.908634
0.854087
0.237896
-0.0129455
-0.800269
0.900415
0.991156
-0.47922
0.402415
0.410846
-0.610987
0.631774
0.971778
-0.931275
-0.192323
0.999942
-0.928245
-0.596292
0.20595
0.456171
0.516988
0.615281
0.725483
0.624096
0.979286
0.863801
-0.628509
0.905107
-0.94756
-0.983588
-0.951686
-0.899432
-0.987492
-0.86107
-0.924329
0.981211
0.151926
0.413466
-0.769923
-0.166987
0.401507
-0.888202
-0.389044
0.973641
-0.992855
-0.279899
0.940809
0.88335
-0.0402526
-0.685826
-0.020759
0.0663467
-0.979703
-0.759322
0.468431
0.970905
0.927525
0.999446
-0.961576
-0.195912
-0.735412
-0.975238
0.344701
0.503366
-0.614746
-0.741089
-0.984201
0.424883
0.156494
-0.989183
0.421615
0.346551
0.230526
-0.758265
-0.713726
-0.452589
0.513378
0.509293
-0.244025
-0.922954
-0.979779
0.404173
0.376461
-0.650352
-0.727768
0.224353
-0.486059
-0.478688
0.978414
0.983033
0.462617
0.335296
-0.995509
0.754003
0.992972
0.052967
0.153026
-0.994015
0.810898
0.998155
0.566571
-0.991593
-0.356387
-0.996301
-0.748192
-0.625882
0.73784
0.289914
0.185536
-0.283376
-0.659573
-0.992946
0.0231623
-0.0373968
-0.857761
-0.0784029
-0.987516
-0.281215
0.882069
-0.711942
0.921761
-0.878952
-0.209732
0.71956
-0.139728
-0.624682
-0.99803
0.990174
-0.856141
0.418288
-0.258149
0.999915
-0.889434
-0.997123
0.627675
0.0336785
-0.19967
0.992495
0.549677
-0.00851465
0.394632
0.221172
0.908727
-0.723808
-0.551242
0.36707
-0.804284
0.215371
-0.139219
0.947868
0.777828
0.305337
-0.494717
0.661247
-0.345724
0.83111
0.875835
-0.702089
0.100846
-0.935007
-0.754871
-0.0183824
-0.170646
-0.988531
0.0575942
0.474324
0.280968
0.730839
-0.95555
-0.484006
-0.996362
-0.105372
0.501328
0.605431
-0.932584
-0.983326
-0.999999
-0.566061
0.308184
0.895827
0.788037
0.757861
0.74254
0.780425
0.523039
0.15979
-0.791126
-0.0348144
-0.95688
0.49745
-0.326958
0.958486
0.38317
-0.66317
-0.898389
0.904402
0.692761
-0.866135
0.803328
-0.505253
-0.277668
-0.433025
-0.46388
0.988348
-0.90185
0.785915
-0.724259
0.976004
0.830112
0.906118
0.16091
0.592945
0.795282
0.952527
-0.980677
-0.536351
-0.555717
0.35991
0.65755
0.252599
0.800735
0.319005
-0.989138
0.768721
-0.973676
0.956125
-0.320781
-0.909055
-0.0972496
-0.928902
-0.876352
-0.59796
-0.999825
0.501984
0.44828
0.896547
-0.904559
0.991913
-0.99186
0.90526
-0.821776
-0.125839
0.945111
0.761012
0.748193
-0.854049
0.554319
0.523725
0.999514
-0.747008
0.38537
-0.905914
-0.0429979
0.99784
-0.275628
0.997596
0.985715
0.895364
-0.177004
-0.984404
0.95981
-0.801496
0.921897
0.420874
-0.153226
0.770186
0.620341
0.999943
-0.802439
-0.562175
0.67029
-0.850581
0.0586871
0.827494
-0.831562
0.965932
0.949219
-0.996556
0.334274
-0.207238
-0.0890693
0.963037
0.417043
0.00931837
-0.743016
0.332568
-0.131337
-0.0203945
0.542751
0.943681
-0.44916
-0.88993
-0.872707
-0.00640986
0.396292
-0.418236
0.942486
-0.115622
-0.261948
0.251243
0.292537
-0.491651
0.155245
-0.411078
0.0118183
-0.735074
-0.237931
0.999982
0.807221
0.644833
-0.467291
0.614757
0.299529
0.971835
0.945723
0.930579
0.615697
0.913081
0.999283
-0.454011
-0.149121
-0.96184
0.769909
0.98912
-0.764754
-0.387818
-0.864871
0.262338
-0.176436
0.412674
-0.231245
-0.755878
0.996773
0.960591
-0.839777
-0.520192
0.855209
0.459718
0.0983256
0.978291
-0.971975
0.45613
0.6243
-0.664706
0.732379
-0.813972
0.69181
0.986671
0.743976
0.9952
-0.964868
-0.970231
-0.972984
0.865466
-0.559742
-0.864755
-0.0099033
-0.963064
0.755145
-0.705541
-0.970346
-0.667496
0.735786
-0.61843
0.833566
-0.844864
0.0850107
0.222279
0.999079
0.906719
-0.710081
-0.120254
-0.789059
0.487548
-0.974408
-0.381554
-0.684421
-0.940477
0.49756
-0.749231
0.998375
0.0335315
-0.695104
0.786568
0.951319
-0.876577
-0.485746
-0.271753
-0.0546704
-0.163026
0.643596
0.731585
-0.265821
-0.312459
-0.277515
-0.0876611
0.509889
-0.419552
0.78959
-0.371453
0.628491
-0.794145
0.974829
0.70479
-0.148888
0.997098
-0.172697
0.979466
-0.529341
-0.931721
0.192689
0.117869
-0.0204703
-0.999877
-0.421387
-0.438909
0.919779
0.991349
0.234996
-0.267036
0.327957
-0.814509
-0.355203
-0.0480346
0.317665
0.497372
-0.438944
-0.962664
-0.385525
-0.905055
0.928752
0.98019
0.935366
-0.983483
0.744358
0.984605
-0.296972
-0.519443
0.624655
0.45752
-0.995208
-0.465227
0.622488
0.940725
0.305834
-0.809632
-0.604283
0.307523
0.51275
0.145849
0.320167
-0.168793
0.112682
0.111539
-0.170595
0.389005
-0.315732
-0.991501
-0.899228
0.924556
0.22801
0.964098
-0.99891
-0.733306
-0.692032
0.460403
0.0936783
0.365184
0.997717
0.954099
0.952791
-0.998629
-0.286573
-0.991857
-0.540258
0.249841
0.851671
-0.944291
-0.190336
0.996673
0.276088
0.999262
-0.628722
0.970012
-0.376774
-0.43408
0.205746
0.198127
-0.176491
-0.735323
-0.803408
0.795624
-0.298765
0.999744
0.465112
0.984261
-0.249361
0.755773
0.999593
-0.305716
-0.552175
0.0105942
-0.897725
-0.504372
-0.0540213
0.782518
0.946131
0.499788
-0.0294537
0.0831479
0.464494
-0.988212
0.269846
-0.497511
-0.961939
-0.813371
0.741521
-0.454447
-0.995778
0.296869
-0.382088
0.943135
-0.87249
-0.488651
-0.656812
-0.389427
0.995386
-0.980847
0.400091
0.999019
-0.5405
-0.984761
0.0727829
-0.612857
0.755943
-0.305583
0.931738
0.428492
0.992944
0.0606109
0.819068
0.659434
0.258028
-0.15764
0.650213
0.557525
-0.992927
0.664543
0.458556
-0.997385
-0.997612
-0.225728
0.999485
-0.605217
0.263779
0.86124
-0.685428
0.0139118
0.711415
-0.396625
-0.994908
-0.999256
0.714792
-0.739974
-0.085289
0.367135
-0.560928
-0.850076
-0.822904
0.0570213
0.203934
-0.394844
-0.842853
-0.0847305
-0.976726
0.703583
-0.999235
-0.220742
0.973171
-0.195822
0.617314
-0.840635
-0.508753
-0.993198
-0.371624
-0.821572
-0.0893115
0.441166
0.159467
0.96575
-0.358027
0.484982
0.33268
-0.89951
-0.10486
-0.894038
-0.553449
-0.999688
0.980244
-0.691502
0.0608074
0.995082
0.0415017
0.684782
0.779408
0.98876
0.999968
0.310599
-0.195371
-0.960199
-0.388355
-0.637478
-0.488558
-0.991153
0.875307
0.995497
-0.187615
0.877841
-0.775001
-0.796884
0.999587
0.612892
0.948227
-0.106443
-0.853604
-0.604109
-0.717037
0.695797
-0.552936
0.326893
-0.902825
-0.962264
-0.503814
0.999859
0.576019
0.987208
-0.65567
-0.858749
0.0888737
-0.987537
0.974762
-0.136435
0.151329
0.620964
-0.682962
-0.923798
-0.374184
0.755825
0.973937
-0.170629
0.211494
-0.698639
-0.593193
0.241562
0.765314
-0.808702
0.660653
-0.510537
-0.601594
0.0857579
0.857327
0.994312
0.904797
-0.869719
-0.67427
0.337596
-0.672732
0.997128
0.681115
-0.543631
0.997347
0.648521
0.646358
0.82239
-0.933308
-0.392975
0.948365
0.0456823
0.0302058
-0.428456
0.461327
-0.860826
-0.790289
0.649122
-0.974759
0.217933
-0.844062
0.501218
0.631849
-0.758895
0.52315
0.992795
0.99381
0.00513856
-0.971689
0.325683
-0.9605
-0.582856
0.521151
-0.990924
-0.514048
-0.661295
0.212857
-0.982191
0.665389
0.995863
-0.743859
0.648132
-0.0813148
0.662871
-0.999407
-0.762487
0.0356376
0.921927
0.195747
-0.999069
0.233456
0.223023
0.134361
-0.975469
0.464199
0.300676
0.138072
0.755202
-0.458108
-0.939603
-0.991306
0.423562
0.243545
-0.808513
-0.168689
0.668615
0.575893
0.741989
-0.973604
-0.340922
0.95099
0.0445821
0.414512
0.959529
-0.482383
-0.678877
-0.836854
-0.621227
-0.842759
-0.894216
-0.0975547
-0.866039
-0.417416
-0.789539
-0.947175
0.993076
0.985804
0.906498
0.733914
0.684722
0.676367
-0.77584
-0.778723
-0.345178
0.980735
-0.967756
-0.973346
-0.26209
-0.938368
-0.88437
-0.530187
0.427237
-0.269182
0.997755
0.380906
-0.671288
-0.427257
-0.59034
-0.791819
0.920255
-0.408776
-0.999183
-0.863534
-0.0297232
-0.99713
-0.502032
0.0360601
0.415559
0.727833
0.731232
0.875187
-0.898418
-0.368195
0.597741
-0.99985
0.395839
-0.945701
-0.668313
0.999724
-0.115459
0.975875
-0.152949
0.587058
0.0751717
-0.379015
0.809674
0.201238
0.576727
-0.715762
-0.990586
0.746064
-0.984595
0.00980945
-0.993563
-0.364456
-0.750815
0.843003
0.0921493
-0.951118
-0.90805
0.506935
0.260467
0.934722
0.9334
0.77324
0.684856
0.998754
-0.149422
0.0691447
-0.0720343
0.274396
-0.0373708
0.91971
0.474834
0.205986
-0.949374
0.928993
-0.693641
0.299328
0.389686
-0.416966
-0.738233
0.998519
0.171215
0.526838
-0.25702
0.589091
0.533256
0.991448
0.0694487
-0.580693
0.333037
-0.646994
-0.336185
-0.979026
-0.871037
-0.263866
-0.271294
-0.998467
-0.590301
0.945211
0.615688
0.995875
-0.687643
-0.529054
-0.886861
0.205236
0.393655
0.613864
-0.86896
0.921756
-0.600211
0.0469965
0.652588
0.757541
0.389601
-0.527713
0.918702
-0.846054
-0.991416
0.695709
-0.973139
0.646021
0.513462
-0.0808624
-0.371839
0.890875
-0.526159
-0.183656
-0.37756
0.855056
-0.191372
0.344944
0.991729
0.806011
-0.275737
-0.392908
0.834571
-0.204796
-0.370461
-0.507172
0.970894
0.7005
-0.739987
0.973232
0.919752
0.99386
-0.410734
0.128085
-0.949385
0.988722
-0.471421
-0.813021
-0.748602
-0.703055
0.991359
0.926062
-0.0602555
-0.76222
-0.402841
0.775626
-0.354939
-0.331516
-0.670239
0.925266
0.754246
-0.762547
0.348138
-0.11786
0.269028
0.974338
-0.0321429
-0.871701
0.999998
0.641203
0.603075
-0.968117
0.806754
0.963507
0.0164163
-0.500287
0.741753
-0.794544
0.445248
-0.844471
0.272196
0.714607
0.841529
0.984313
0.232686
-0.917572
0.996839
-0.881739
-0.747486
0.591478
-0.508276
-0.664632
0.887661
-0.116082
-0.979158
-0.185675
-0.0251964
0.486956
0.83577
0.353827
0.244933
0.867617
-0.626448
-0.376726
-0.116717
-0.174439
-0.226571
0.948115
-0.79703
0.896834
0.848206
-0.446616
0.862603
-0.996202
0.829567
0.933544
0.652363
0.856404
0.998057
0.988696
0.0433686
-0.901839
0.316775
0.938402
0.97371
0.961742
0.487812
0.84957
0.964183
-0.176595
-0.430552
0.16516
-0.76585
-0.654891
-0.21689
0.776081
0.847076
-0.911839
-0.275004
-0.999616
0.673912
0.973184
0.4561
0.215302
-0.221299
0.0409716
0.861101
-0.179759
0.53929
-0.999411
-0.80362
0.917479
-0.471262
0.560655
0.962455
0.25326
0.984649
0.323365
0.61547
-0.467148
-0.889676
-0.237182
0.797254
0.77259
-0.770094
0.180398
0.687841
0.349313
-0.493865
-0.112674
0.637829
-0.769734
-0.917062
0.990745
0.467789
0.526943
0.458701
0.335223
0.935353
0.824929
0.619002
0.432332
0.993442
0.405386
-0.969507
0.324833
-0.0146829
0.360879
-0.767901
-0.710015
0.589253
-0.0393847
-0.986194
0.985242
-0.138638
0.255537
-0.312997
-0.818474
0.560599
0.380599
0.855773
-0.997093
-0.144808
-0.870455
-0.864952
-0.979087
0.471278
-0.106539
0.999273
0.0247672
0.676412
-0.580378
-0.708276
-0.544355
0.419316
-0.322035
-0.72069
0.87394
-0.453315
0.456425
0.996213
0.0864795
-0.678825
0.995804
0.266309
-0.814187
-0.531838
-0.272899
-0.51273
-0.978012
-0.590309
0.905526
0.686734
-0.525633
0.884854
-0.992074
-0.46768
0.986757
-0.958749
0.498876
0.129837
-0.881487
-0.861771
-0.751949
-0.152274
0.591819
0.0261609
0.591399
-0.029637
-0.941883
0.848344
-0.821765
-0.902973
-0.847841
-0.484882
0.865297
0.358254
-0.472125
0.999426
0.811275
-0.691878
0.988792
0.440365
0.712372
0.0739258
-0.726493
0.159421
0.993299
0.329817
-0.780421
0.242698
-0.894428
-0.978342
0.90012
0.113571
-0.442457
0.851136
0.964776
0.947842
0.293789
0.551399
-0.994065
-0.640088
-0.776286
-0.681645
-0.993781
0.620544
-0.898513
-0.686399
-0.95832
-0.710583
0.836645
-0.644245
0.145556
0.962696
-0.992699
-0.644433
0.50357
-0.864818
0.90886
-0.997425
0.976489
-0.94831
0.00385704
-0.963433
-0.226898
-0.676308
-0.988423
-0.996805
0.987635
0.0325821
-0.943412
-0.385695
-0.183458
-0.67678
0.322194
-0.396781
-0.716248
-0.811735
0.243171
-0.757578
-0.499161
0.945329
0.625425
-0.348146
0.0690175
0.0231078
-0.899279
-0.793043
-0.881706
-0.829044
-0.962335
0.922823
0.995938
-0.480298
0.996786
0.587989
-0.49588
0.869733
-0.154729
0.930784
-0.357388
-0.999918
-0.662808
-0.363962
-0.244217
-0.174338
0.232248
-0.0295571
0.815453
-0.34287
0.727738
0.903712
0.83423
-0.999975
0.558319
0.47003
0.909707
-0.748249
-0.982378
0.999995
0.912012
-0.0398963
-0.26092
0.640559
0.672461
0.921267
0.991737
0.690288
-0.250018
0.977957
-0.902102
0.673669
0.990677
0.363663
0.522314
0.45212
0.929789
0.974761
-0.573268
-0.423915
-0.130691
0.0616748
-0.362845
-0.995974
0.290722
-0.151196
0.339953
-0.754599
-0.995399
0.990029
-0.99108
-0.941125
-0.880739
0.493933
0.0736378
-0.999909
0.999649
-0.790981
0.545556
0.150491
0.946372
0.28014
-0.707897
0.723225
0.997692
-0.677347
-0.237477
-0.211992
-0.969954
-0.243345
0.176276
0.591962
0.264306
0.102376
-0.975252
-0.851886
0.292625
-0.639151
0.681374
-0.897059
0.897933
-0.901533
0.153471
0.993696
0.500151
-0.835111
-0.922026
-0.724198
0.889902
0.789046
-0.948449
-0.777169
0.628211
-0.446351
0.349328
0.813906
-0.906007
-0.792276
0.272895
-0.969196
-0.700517
0.805998
-0.943059
-0.347838
0.828656
0.965711
-0.864639
0.954215
-0.94424
-0.996848
0.83112
-0.992124
-0.128676
0.564406
0.527853
0.932442
-0.932447
0.311451
0.76891
-0.443192
-0.688965
0.882198
-0.656449
0.393446
0.535268
0.293796
-0.942882
0.565465
0.872982
0.952694
0.855067
-0.195888
0.580726
-0.322447
0.773867
-0.999206
-0.979524
-0.957979
0.669652
-0.851798
-0.99937
0.921208
-0.0678755
-0.209081
0.87103
0.370577
-0.964124
0.890933
0.187979
-0.099363
-0.999979
0.877066
0.840206
-0.717855
0.930152
-0.317127
-0.89274
0.919282
0.276787
-0.968277
-0.524586
-0.462467
0.549734
-0.484267
0.865332
0.988888
-0.0792126
-0.965202
-0.345483
0.675525
0.379651
0.988612
-0.561093
0.503393
-0.548648
-0.975021
0.391159
0.933225
-0.887867
-0.171201
0.982154
-0.992728
0.290019
0.637567
0.864577
0.994862
0.848
-0.306826
0.993027
-0.11383
-0.985569
-0.884795
0.102695
0.579726
-0.241546
-0.640621
-0.0603114
0.960704
-0.786865
0.824088
-0.737481
0.799263
-0.406738
0.00982241
0.822005
0.269109
0.150144
0.940633
-0.79326
0.00847048
-0.920114
0.592522
0.873448
0.828441
-0.63725
-0.163584
-0.906862
0.999876
-0.34251
-0.960963
0.958639
-0.816845
0.980296
0.389194
0.989261
-0.67852
-0.465207
-0.721155
-0.481391
-0.949247
0.91471
0.0587681
-0.905424
-0.698581
0.0680088
0.69461
0.707441
-0.707427
-0.736678
-0.992181
0.147031
-0.70412
-0.114225
0.0988882
0.938907
0.0687638
-0.738237
0.887689
0.80872
0.667074
-0.976921
0.845709
-0.156864
0.927844
-0.176585
0.383936
0.812985
0.0882853
0.985171
0.969392
0.992947
0.271797
-0.325229
-0.555136
-0.67267
-0.996848
-0.520499
0.98193
-0.1616
0.775434
-0.0409402
0.138847
0.943812
-0.963334
0.176647
0.246437
0.800585
0.987478
0.862271
-0.860781
-0.508729
-0.835308
-0.35205
0.29106
0.966997
0.891566
-0.986319
0.567267
-0.994977
0.980319
0.0684395
-0.330185
-0.0116929
0.224183
-0.106088
-0.668859
-0.989249
0.952273
0.78292
0.0423412
0.302958
-0.20758
0.983648
0.994483
0.820269
-0.0531706
0.365025
0.999131
0.528597
0.905915
0.365538
-0.605816
0.99906
-0.994971
0.239021
0.993629
-0.631969
-0.997775
0.318459
-0.999639
-0.575304
0.965239
-0.474271
0.866531
0.869604
-0.805967
-0.186007
0.649753
0.527042
-0.112351
0.993066
-0.697922
0.796782
-0.22382
0.835354
0.998137
-0.931223
-0.482018
-0.596277
0.80017
-0.70953
-0.351809
-0.622669
0.53035
-0.0258228
-0.253021
0.68234
-0.822479
-0.999758
0.933808
0.674005
-0.36636
-0.748962
0.823981
0.0271641
-0.957644
-0.86392
0.625748
-0.317384
-0.501038
-0.291005
0.745224
0.986791
0.612227
-0.712495
0.93572
0.452849
0.262733
0.817207
0.461471
-0.0770475
-0.891874
-0.668901
0.993213
0.762152
0.687316
-0.65069
-0.364584
0.10319
0.892891
-0.0376935
0.316312
0.938055
0.555776
-0.999996
0.7413
-0.142188
0.674804
-0.0498416
0.854255
-0.928347
-0.507111
0.25893
-0.144109
-0.2284
0.544545
0.957059
-0.910543
0.150139
0.848367
0.885764
0.946861
-0.140147
0.327091
-0.405991
-0.681935
-0.108276
-0.612083
0.56233
-0.570751
0.437586
-0.170405
0.833972
0.959564
0.225426
0.367814
-0.021798
-0.760765
0.0368704
0.708025
0.279244
0.729141
0.991139
-0.357788
-0.538436
-0.105694
-0.410278
0.972481
0.944491
0.805115
0.149053
-0.904684
-0.29633
-0.165028
-0.249343
0.998968
0.876776
0.883005
0.0412445
0.650209
-0.834905
-0.625215
0.718915
0.653978
-0.980035
-0.808503
-0.449382
0.757037
0.455839
0.298818
-0.0650686
-0.738848
-0.487705
0.798798
0.0544473
-0.742916
0.484935
-0.376369
0.956836
-0.101915
0.989562
-0.726883
0.825394
0.563801
0.0421228
-0.830781
0.506851
0.832954
0.818134
-0.256168
0.518647
0.386865
-0.00174697
-0.64333
-0.780953
-0.493366
0.798112
-0.135806
0.689131
0.83873
-0.891304
-0.0434379
-0.359019
-0.999956
-0.327461
0.992445
-0.982632
0.983733
0.872636
0.610305
-0.64655
-0.949628
0.930172
-0.941501
0.326884
0.254843
-0.719904
-0.982304
0.955644
0.775141
0.727366
0.90969
-0.964298
-0.372605
0.764503
0.00293338
-0.494238
-0.999598
0.407671
-0.234164
0.399977
0.998831
-0.872782
-0.89705
0.802985
0.649231
-0.952541
0.49214
-0.536948
-0.382087
0.0308167
-0.718278
-0.974046
0.421622
-0.395575
0.993363
-0.47046
-0.664052
0.944103
-0.144282
-0.852406
-0.880019
-0.913785
-0.860973
-0.220797
0.768627
-0.525752
-0.985243
0.995378
-0.615726
0.870032
-0.0884645
0.820295
-0.305429
-0.406704
0.971571
-0.665805
-0.899879
-0.275039
-0.175643
0.504259
0.825732
0.874448
0.785911
-0.273124
0.303064
-0.851866
-0.817235
0.971343
0.470148
0.590345
0.994648
0.389086
-0.601567
-0.988402
-0.858569
-0.998659
-0.99754
-0.90442
-0.955972
0.280883
0.692103
-0.574704
0.822892
0.0425054
-0.989735
0.956736
-0.786219
-0.993295
-0.711941
0.155265
-0.711532
-0.639173
0.949316
-0.936499
-0.343258
0.985781
-0.747626
-0.994159
-0.616166
-0.561333
-0.0842953
0.553018
-0.636676
-0.779073
-0.830595
-0.732388
-0.871873
-0.977991
-0.894269
-0.605967
0.892165
-0.192076
-0.677833
-0.330433
0.941619
-0.771164
0.096255
0.897267
0.067426
0.993523
0.37398
0.377646
0.982938
0.993216
-0.0927955
-0.702573
0.59939
-0.999997
0.894295
0.96282
-0.184046
-0.77292
-0.317162
-0.436294
0.713826
-0.970915
0.655643
-0.820368
0.175788
0.994495
-0.495463
-0.4519
0.187822
0.256821
0.138559
0.780635
-0.438344
-0.914134
0.997754
0.597417
-0.0520479
-0.991407
-0.670502
-0.93038
0.992111
0.182843
0.897866
0.982293
0.671122
-0.409792
-0.398671
0.302437
0.876331
0.731579
-0.996832
-0.571316
-0.389442
-0.0785241
0.164384
0.944542
-0.998218
0.894715
0.973321
-0.223455
-0.961694
0.278163
-0.0571851
0.918277
-0.813601
0.16666
0.718263
-0.584193
-0.392268
0.193581
-0.989087
-0.771754
-0.494567
-0.714337
-0.0215192
-0.903783
-0.647108
-0.900867
0.395784
0.676134
0.977268
0.943319
-0.676445
0.793105
0.0198073
-0.25319
-0.517008
0.89451
0.955434
-0.991701
-0.21352
0.789154
-0.174579
0.999847
-0.942364
0.201437
-0.949712
0.487924
-0.220648
-0.614842
0.712029
-0.842388
0.933575
0.478134
0.178209
-0.766611
0.578626
-0.377519
-0.0896212
0.759257
0.487301
-0.879284
0.390697
-0.938532
0.500213
0.333708
0.923957
0.933285
0.85207
-0.959543
0.954079
-0.0859845
-0.12073
0.568574
-0.0368358
0.939247
-0.854122
0.849783
-0.358909
0.376665
0.987972
0.507079
-0.154135
0.978948
-0.748552
-0.631429
-0.980382
-0.979903
-0.871683
0.981164
0.263219
0.777976
0.998825
-0.935282
-0.998869
-0.835921
0.506564
0.46467
0.448266
0.510551
-0.870138
-0.710363
0.166269
-0.998645
-0.113573
0.94512
-0.388626
0.981429
0.998923
0.145298
-0.97318
0.952145
0.300427
-0.639741
0.195205
0.590895
0.843573
-0.0929514
0.329519
-0.270871
-0.85686
0.331117
-0.666772
-0.0158169
-0.642495
-0.999897
-0.286752
-0.688236
0.167339
-0.119611
0.855085
-0.759597
0.664467
-0.774121
-0.893348
-0.988592
-0.119278
-0.0575229
-0.406722
0.5445
0.279134
0.986129
0.949591
-0.770645
-0.649266
0.0362867
0.999495
-0.438456
0.20449
-0.0282961
0.159608
-0.219787
-0.384308
0.792169
-0.782615
-0.72801
0.747646
0.945356
-0.817621
-0.092868
0.535212
-0.99509
-0.910761
-0.389184
0.36798
-0.978439
-0.0326556
0.25862
-0.565004
0.419849
-0.639446
-0.506548
-0.217093
-0.85055
0.895429
0.0833405
0.824891
-0.598761
0.860696
-0.844676
-0.733562
-0.18772
0.0858656
0.981478
-0.450692
0.0564898
-0.995193
-0.979139
-0.914752
0.998222
0.494504
-0.039552
0.996416
0.635976
-0.801875
0.630462
0.935629
-0.4515
0.992898
0.979056
-0.223649
-0.78971
0.143191
-0.686121
-0.974932
0.668437
0.325611
0.0145169
0.324489
-0.386052
0.921428
0.119324
0.980377
-0.323093
0.280299
0.56038
-0.573426
0.416988
-0.405594
-0.918411
-0.997868
-0.80986
0.0289183
0.985873
-0.895847
0.361767
-0.987803
0.822041
0.988495
-0.309318
-0.790011
-0.999948
0.802775
-0.252206
0.852976
0.665226
-0.366133
0.81643
0.881129
-0.866159
-0.243816
-0.62256
-0.502288
0.583417
0.990658
0.357427
0.352609
-0.489498
-0.0783271
0.964154
-0.498732
-0.472305
-0.590929
-0.186755
0.538545
-0.0549038
-0.0556032
-0.883869
0.57492
0.995157
-0.450197
0.309347
0.581892
-0.411343
-0.531192
-0.267639
0.0956866
-0.65917
-0.999892
-0.766847
0.535263
-0.399779
-0.0570142
-0.754226
0.836836
-0.215572
-0.0944856
0.98934
0.934575
-0.351604
0.883781
0.875041
0.5347
-0.62449
0.942369
0.234278
-0.885471
-0.155048
0.187989
-0.480465
0.999416
-0.367234
-0.465334
0.993
0.0176349
0.442289
0.51005
0.551005
0.744376
0.970197
-0.461044
0.594933
0.959148
0.999914
0.160785
0.989427
-0.874021
-0.708877
-0.468989
-0.814582
-0.98457
-0.948355
0.999998
0.811018
0.518255
0.409402
0.997876
0.570432
-0.872969
0.673724
-0.851991
0.279056
0.910737
-0.90552
-0.896203
-0.893675
-0.248012
-0.835304
-0.978223
-0.918752
0.0174994
0.833644
-0.784876
0.0486019
-0.170143
0.0428289
0.927338
0.679877
0.123209
-0.901706
-0.776691
-0.51669
-0.961046
0.949872
-0.0859363
0.392093
0.693964
0.186366
0.56027
0.670666
0.988299
0.904693
-0.0285492
0.090683
-0.965284
-0.967699
-0.944966
-0.254438
0.574474
-0.59203
-0.119967
0.793367
0.999524
0.609714
0.130166
0.628744
0.369261
-0.87876
-0.197783
0.874518
0.974219
-0.449528
0.841213
0.798951
0.954238
-0.711249
-0.0488751
-0.624729
0.13685
-0.660481
-0.884823
-0.353987
-0.256529
-0.980291
0.732094
0.208393
0.788916
-0.267354
0.999016
-0.960687
-0.120454
-0.401318
0.897767
0.108108
0.532604
0.986499
0.638846
-0.995773
-0.396348
0.957187
-0.987252
-0.790709
-0.909985
0.418256
-0.218357
-0.622702
0.56857
0.726224
-0.211643
0.915513
0.753841
0.666772
-0.173664
0.0609508
-0.735682
0.982176
0.210655
0.964515
0.503723
-0.990287
-0.595527
0.390928
0.985271
0.77796
-0.925927
0.0788019
0.246382
-0.783962
-0.100326
-0.807841
-0.717391
0.444001
-0.917919
-0.0960875
-0.260324
0.952288
-0.312364
-0.983415
0.954196
-0.507335
0.0417491
-0.893583
-0.922346
-0.999726
-0.196848
-0.546524
0.339848
-0.276194
0.0181719
-0.954221
0.794592
-0.971242
-0.933142
-0.983026
0.930506
-0.521594
-0.523097
0.107101
-0.471533
0.148859
0.565158
-0.960196
-0.857993
-0.987223
0.999611
0.9673
-0.295653
0.793782
0.769316
-0.45721
-0.992785
0.31322
-0.672148
-0.275726
0.918357
-0.426699
-0.0149772
-0.885534
0.179469
0.0136042
0.856111
-0.978547
-0.25362
-0.999918
0.835588
0.338117
-0.265163
0.207204
-0.896946
0.885975
-0.356541
0.653603
0.991084
0.220706
-0.733031
0.525659
0.824127
-0.866514
0.742795
0.314108
-0.0947126
-0.969377
0.657357
-0.21357
-0.0566863
0.291934
0.988327
0.841398
0.0378545
0.958072
-0.702001
-0.00257658
0.4782
0.484818
-0.700242
-0.937823
-0.985314
0.857318
0.992158
0.428751
0.575596
0.715733
0.6749
0.324967
-0.854339
-0.998872
0.775164
-0.410787
0.563875
-0.192095
0.170532
0.328605
-0.0314601
-0.612273
0.11524
0.914581
-0.638428
-0.815211
0.364943
0.173844
0.732275
0.479282
-0.36986
0.203985
-0.941259
-0.445953
0.990565
-0.179432
0.519535
-0.92432
0.74779
0.631693
0.736537
-0.849235
0.0271976
0.737955
0.437105
-0.999155
0.896051
0.970956
-0.952231
-0.50376
-0.913257
-0.362033
0.893847
-0.67529
-0.0529273
-0.437063
-0.853
0.804055
0.325869
0.334399
0.967448
0.394169
0.168582
-0.772648
-0.522691
0.600094
0.861406
-0.999434
-0.519245
-0.991759
-0.487475
-0.25575
-0.0294474
0.987366
-0.861651
0.647004
-0.83736
0.713498
0.277218
0.964508
-0.546884
0.898958
-0.958641
-0.507367
0.251867
0.993025
-0.44805
0.821577
0.678189
-0.047887
0.286112
0.383776
0.999556
0.626162
-0.639389
0.39889
-0.973131
0.0998404
-0.0917102
-0.872264
-0.229785
-0.27342
-0.793061
-0.285116
0.663919
-0.386981
0.799623
0.0125211
-0.926084
0.988663
-0.986023
0.0807573
0.568244
-0.479746
0.533967
-0.495632
-0.962412
-0.949049
0.239822
0.995935
-0.749748
0.968763
0.902642
-0.259188
0.999902
0.997956
-0.88745
0.747756
-0.822745
0.81838
0.613672
-0.233261
-0.981428
-0.536927
0.354875
-0.913328
0.20524
-0.91042
0.916354
-0.976135
-0.22078
-0.997983
0.594428
-0.941423
0.849731
0.915617
0.439971
-0.518853
0.53723
0.810473
0.318367
-0.830292
-0.994531
-0.997544
0.931496
-0.632178
-0.293156
0.365877
0.998373
0.956819
-0.554177
0.999593
0.5641
-0.997563
0.0841544
-0.90858
0.765538
0.524998
0.84603
-0.430692
0.99997
0.424511
0.917595
-0.0753157
0.50648
0.286962
-0.957601
-0.62138
0.851507
-0.149352
-0.78135
0.687561
0.578375
0.536317
0.847548
-0.59455
-0.451541
-0.687904
-0.31828
-0.0613846
0.567414
0.951991
0.920576
0.428283
0.890875
0.978597
-0.497634
0.553775
0.682299
-0.616658
-0.452516
0.998064
0.989698
-0.598819
-0.618005
-0.825723
0.999844
0.0359504
-0.170157
0.788627
0.373983
0.211918
0.626127
-0.845787
0.978906
-0.903785
0.991786
-0.602024
0.982264
0.628153
-0.899834
-0.811758
0.999112
-0.343864
0.987535
-0.952547
0.9796
0.611498
0.68863
-0.999986
0.936166
0.999788
0.227785
0.990509
-0.931307
0.278709
-0.874958
0.909108
0.455306
-0.895547
0.68948
-0.565138
0.875475
0.999908
-0.967886
-0.347168
-0.451731
0.904139
0.963535
-0.417785
-0.544974
-0.927491
-0.893038
0.573604
0.957873
-0.849602
0.0067681
-0.0558809
0.958333
0.837193
0.858562
0.800417
0.407628
0.992033
0.965713
-0.412433
0.998496
0.0252798
-0.15753
0.475614
0.945167
-0.970162
0.430657
0.952756
0.99735
0.966542
-0.919047
0.0314485
0.664512
0.702651
0.324317
0.951668
0.659586
0.395961
-0.179212
0.819729
-0.0615264
0.222035
-0.193561
0.961664
-0.39581
-0.828419
-0.834597
0.64253
0.917993
-0.339308
-0.494475
0.977027
0.993758
0.817194
-0.923483
0.998159
0.62734
0.892432
0.906487
-0.406379
-0.999981
-0.291569
-0.984712
-0.941441
-0.452776
-0.320853
-0.601964
0.714781
-0.19245
-0.830781
-0.510764
-0.976551
0.980879
0.952087
-0.844003
-0.677219
0.823725
-0.353588
0.69798
0.0513429
-0.468019
-0.791751
-0.492103
0.823472
-0.239462
0.955339
0.179624
0.649658
-0.34832
0.534269
0.724314
0.405978
-0.431077
0.459311
0.97539
0.982688
-0.524413
0.278207
-0.686713
0.10463
-0.351253
-0.76474
-0.484839
0.540068
-0.508019
-0.995239
0.988403
-0.93498
-0.232415
-0.889616
-0.968178
0.807734
-0.0042087
-0.81516
0.95707
0.962188
0.551096
-0.995792
0.0213831
0.990182
-0.0285969
0.521236
-0.133758
-0.97891
-0.37013
0.997516
0.500884
-0.135018
0.103274
0.897957
-0.977886
0.964485
-0.949355
0.693937
-0.121203
-0.174652
-0.401066
0.658805
0.38694
0.443568
-0.967
-0.909466
0.79511
-0.714756
-0.730899
-0.873104
-0.751641
0.268991
0.847637
-0.951016
-0.539564
0.751229
0.912603
0.766359
0.984079
0.659683
0.264714
0.952573
-0.99945
0.26557
-0.171637
0.891805
-0.5263
0.368049
0.200581
0.651171
0.0794057
-0.984751
0.848067
-0.680489
-0.0836746
-0.71404
0.0720137
0.275916
-0.365332
-0.787346
0.289292
-0.59174
-0.981078
-0.999982
0.99816
-0.74623
0.411132
-0.662376
-0.801518
-0.976455
-0.941129
-0.682183
0.35695
-0.467517
-0.739288
-0.594457
-0.34419
-0.990964
0.776652
-0.734812
-0.564818
-0.973519
0.118833
-0.255824
0.617313
-0.370941
-0.0391831
0.440588
-0.292221
0.958689
-0.0834814
-0.935944
0.0841201
-0.703963
-0.60136
-0.998026
-0.994825
0.771725
0.159894
0.338241
0.921621
-0.989925
-0.916524
-0.124987
0.406243
0.783513
-0.386039
-0.964032
-0.998834
0.766193
-0.999957
-0.817954
-0.447123
0.357851
0.999401
-0.953323
-0.232484
-0.462242
0.790135
0.775777
0.800947
-0.257252
0.957105
-0.49785
-0.00322525
-0.959467
-0.355228
-0.59119
-0.0840938
0.26321
-0.226866
0.524837
0.855777
-0.465529
-0.940452
0.0477934
-0.08262
0.873827
0.827385
-0.805175
-0.788857
-0.613348
-0.973287
-0.602057
0.818375
0.855393
0.892894
0.600808
0.484781
-0.453258
-0.999719
-0.999859
0.866595
-0.989717
0.106047
0.63247
-0.52364
0.103088
0.837384
-0.0414082
0.911452
-0.374104
-0.194952
0.860066
-0.109093
-0.999282
0.244138
-0.975093
-0.37907
0.590702
-0.218674
0.834036
-0.27477
0.422673
0.353659
0.803526
0.224158
0.577688
0.0758351
-0.863444
0.996569
0.945478
-0.691055
-0.622864
0.0562169
0.988534
0.468642
-0.999913
0.117411
-0.656903
0.308645
-0.629024
0.752889
-0.144108
-0.876796
-0.596806
-0.319137
-0.727745
-0.785416
-0.750032
0.381373
0.816364
-0.650854
-0.819359
0.479959
-0.439226
-0.595629
-0.444746
-0.727365
0.201693
-0.999919
-0.5672
-0.955821
-0.35706
0.498861
-0.184544
-0.836147
-0.0272809
0.47517
0.986314
-0.86339
0.678069
0.851702
-0.299878
0.164296
0.168446
0.880611
0.482356
0.73238
-0.561786
-0.368298
-0.922007
-0.984378
0.999999
0.952435
-0.963243
0.997352
0.00756948
-0.816712
-0.587774
0.764358
-0.0682338
0.959167
0.661674
0.939098
0.700221
0.792465
0.959301
-0.938582
0.108947
0.935713
-0.919535
-0.398123
-0.326057
0.986313
-0.952515
-0.939294
0.927857
-0.876065
0.0164022
0.89964
0.0297956
0.954702
0.914214
0.546447
0.656181
-0.717918
0.319986
0.956473
-0.0922176
-0.98022
0.695765
0.773253
0.694446
0.999998
0.707521
0.052149
-0.486115
-0.350432
0.121838
0.908264
0.692337
-0.569078
-0.997481
0.412494
0.312657
0.222278
0.750431
-0.727561
0.381867
0.920434
-0.557364
0.98779
-0.294707
0.639384
-0.210261
-0.149289
-0.0648093
-0.0257777
-0.217771
-0.465304
0.999996
0.592256
0.016942
0.975501
0.677984
0.917377
0.0651618
-0.961047
0.679294
-0.839268
0.899334
-0.463634
0.751478
-0.229047
0.559832
0.199473
-0.83976
0.992457
-0.979926
-0.202063
0.486878
0.181253
-0.582072
-0.612016
-0.732332
-0.119129
0.0624641
-0.993248
-0.243415
0.197721
-0.999732
0.792664
0.277681
0.925343
0.156538
-0.302651
0.779233
-0.595125
0.894861
0.959926
0.978107
-0.363138
-0.966884
0.495724
0.521675
-0.766891
-0.629426
0.998862
0.621725
0.661252
0.877059
0.999896
0.90771
-0.729102
-0.996172
-0.981399
-0.37621
-0.9705
0.975596
0.138013
-0.476638
0.219837
-0.251931
0.643029
-0.627159
0.480103
0.702495
0.939192
0.762102
0.777723
0.236085
-0.089084
0.675821
0.961716
0.681108
0.931512
-0.731298
0.109939
-0.691521
0.95385
-0.416301
-0.809752
0.978721
0.13267
-0.0534652
-0.437007
0.999911
0.327926
0.890067
-0.996148
0.0446499
0.868218
0.686033
0.898517
0.453802
0.776797
-0.0371022
0.993041
-0.462749
0.968675
0.579342
-0.182336
0.785764
0.923445
0.31951
0.274946
-0.900025
0.324473
-0.997992
0.0798667
-0.821614
0.429684
-0.0430603
-0.794351
-0.370881
0.136114
0.82972
-0.915334
-0.939488
-0.999244
0.99888
-0.486514
0.216109
-0.206892
-0.220807
-0.998756
0.424681
-0.90456
0.197686
-0.671824
0.861869
0.349212
-0.811281
-0.449634
-0.163487
0.704561
0.17161
0.364759
0.835742
0.883446
-0.999542
0.935711
-0.822326
0.93173
0.927872
0.576968
0.996917
-0.511499
-0.120652
-0.889336
-0.979992
-0.175389
0.306428
0.65489
0.989143
0.610878
-0.520285
0.0440277
0.806816
-0.142684
0.0588669
0.158288
0.829457
-0.174077
-0.869834
-0.965079
0.393603
-0.91417
0.341008
0.963744
0.986274
0.999117
0.336989
0.379838
-0.999793
-0.185928
-0.80505
0.970316
-0.82878
0.724035
-0.907667
-0.257761
0.458821
0.850434
-0.894378
0.987416
0.897357
0.610498
0.654147
0.996619
0.415972
-0.952274
0.798104
0.377365
-0.921323
-0.416568
-1
0.257006
-0.962762
0.879531
-0.716381
-0.901527
-0.84592
0.926504
0.748812
-0.760378
0.0658266
0.765024
-0.765698
0.727329
-0.63167
0.426485
-0.979784
0.703867
-0.622825
0.311762
-0.954026
-0.129572
0.937051
-0.133958
0.93496
-0.504314
0.373886
0.867321
0.107496
-0.998072
-0.923653
-0.986402
0.847123
-0.969759
0.0575916
-0.377736
0.528031
-0.708738
-0.986071
-0.0794662
-0.997293
-0.148478
-0.0515647
-0.723109
-0.86503
-0.144707
0.962146
0.606395
-0.963278
0.201975
0.988216
-0.7024
-0.989527
0.925348
-0.0867557
-0.319938
-0.992734
-0.987049
-0.332873
0.999648
-0.984149
-0.9931
-0.175585
0.924932
-0.826369
0.927805
-0.264083
-0.442015
-0.246025
0.144547
-0.612123
-0.823883
-0.999943
0.879678
0.348335
0.351584
-0.992362
-0.990409
-0.878255
-0.847013
-0.560837
0.150674
0.696342
-0.299614
-0.690775
0.999759
-0.949967
0.980876
0.143183
-0.357273
0.877771
-0.097862
-0.349279
-0.00404974
-0.730521
0.997926
-0.8153
0.525964
-0.888313
-0.55936
0.235185
-0.102312
-0.659179
-0.738796
-0.268164
-0.0433966
0.355301
-0.213437
-0.979985
0.983086
-0.00269599
-0.911112
0.8847
0.291968
-0.92251
-0.716264
0.619136
-0.998471
-0.901896
0.832619
0.978602
0.995622
-0.133978
0.983696
-0.544078
0.0158115
-0.699509
-0.78574
0.804287
0.25948
-0.615642
0.9364
-0.150088
0.200254
0.747834
-0.202399
0.69563
-0.938768
0.926699
-0.999595
-0.643633
0.0022545
0.995335
0.184713
-0.814858
0.782349
0.971071
-0.646018
0.748615
0.903103
-0.388125
-0.739759
-0.998541
-0.984506
-0.799385
0.256298
0.769621
0.826659
0.0734439
0.839096
-0.044981
0.995086
-0.955041
0.853435
-0.841783
0.806654
-0.120598
-0.762427
0.733748
-0.926553
-0.958172
-0.435477
-0.922071
0.992206
0.396542
-0.858714
0.689004
0.827426
0.25468
0.971295
-0.110312
0.426045
-0.913297
0.930527
0.774327
0.880914
0.971362
-0.96473
-0.674309
0.87663
-0.761588
-0.905935
-0.308549
-0.0569478
0.98733
0.967567
-0.726216
0.789799
0.520496
0.941778
0.37534
-0.997015
0.236909
-0.607348
-0.367181
0.936305
-0.353558
0.865468
-0.991615
-0.788554
-0.539142
-0.706398
0.234662
0.977272
-0.326864
0.900651
0.999085
-0.675162
0.988033
0.419444
-0.942993
-0.944932
0.641128
-0.190219
-0.594824
0.903786
-0.828204
0.273938
-0.387218
-0.697306
0.77264
-0.577678
-0.43349
0.755605
-0.436442
0.793344
0.613358
-0.377251
0.815725
0.412462
0.25194
-0.593902
-0.314832
-0.0258963
0.390315
-0.995141
-0.827518
-0.999913
0.669375
0.803274
0.809528
0.948829
0.770361
0.542489
0.514764
-0.879067
0.323618
-0.710259
-0.994504
-0.816887
-0.88761
0.965102
-0.948988
-0.628988
0.878625
0.229588
-0.322834
-0.998525
0.781496
-0.798475
-0.811572
0.245127
-0.12657
0.453903
-0.987504
-0.945359
-0.635316
0.787314
-0.521243
-0.12724
0.961357
0.127034
0.867077
-0.819029
-0.925636
-0.950089
-0.550917
0.0605279
-0.878038
0.62885
-0.291482
-0.984711
-0.625239
0.998915
-0.0968184
-0.58964
-0.907261
-0.829423
0.117711
-0.584586
0.982275
-0.794645
0.556467
0.999994
-0.0273112
-0.454632
-0.973237
-0.910207
-0.0158814
-0.984217
0.886881
-0.219079
-0.953356
-0.158837
1
0.997144
-0.484489
-0.82232
0.211147
0.966033
-0.870262
0.580692
0.947206
0.875201
-0.204041
0.0695468
-0.122082
-0.191562
-0.0781236
0.943828
0.992226
-0.886714
0.173708
-0.684046
-0.893183
0.915168
-0.330212
-0.204618
0.763311
0.811527
-0.955988
-0.859953
0.997336
0.818363
0.967356
-0.860012
0.664831
0.474044
0.110318
0.987411
0.203736
-0.916918
-0.669048
-0.868347
0.957702
-0.118344
0.578483
-0.758366
-0.169703
-0.357349
-0.627535
0.308482
0.68881
0.860512
0.966851
0.817791
0.0988244
0.448229
0.90558
-0.896202
-0.497945
0.699718
-0.187752
-0.086217
0.999984
0.83809
-0.0660781
0.08305
-0.959594
-0.976452
-0.870537
-0.733337
0.935885
0.361387
-0.59445
-0.673833
-0.980568
-0.232847
0.925683
0.864182
-0.869617
-0.0696081
0.541621
0.943775
-0.430297
-0.860626
-0.808902
-0.146147
0.942054
0.940234
0.960882
-0.606925
-0.993202
0.999836
0.233828
-0.993543
-0.971363
-0.995809
-0.73713
-0.36569
-0.998618
-0.837136
-0.776079
-0.300166
-0.107881
0.528546
0.911003
-0.383589
-0.962996
0.512882
0.445022
-0.914418
0.981807
0.287865
-0.185103
0.212916
0.966806
0.630762
-0.731629
0.0608418
-0.322759
-0.124898
-0.788387
-0.319042
-0.828971
-0.955578
0.966032
-0.476188
-0.996264
-0.267486
0.455805
-0.605427
0.999102
0.998638
0.736679
0.998215
-0.382348
0.217594
0.87841
0.870307
-0.764513
-0.961881
-0.980741
0.237947
0.383064
-0.996394
0.572394
-0.512386
-0.751114
0.604453
0.857314
-0.52454
-0.573077
-0.926474
0.282184
-0.0288133
-0.302323
0.721838
0.546338
-0.974185
0.944597
-0.996785
-0.999984
0.438956
-0.622677
-0.995364
0.259962
-0.598478
-0.423507
0.932822
0.322304
0.9309
0.969641
0.817605
0.773614
-0.263077
0.847547
-0.25186
0.193619
-0.866728
0.684603
0.241783
0.261795
-0.767569
0.959094
0.247567
0.962362
-0.807921
0.819632
0.896999
-0.325725
0.412171
-0.515285
0.0848244
0.810588
0.32729
0.999999
-0.0915635
0.934846
0.883439
0.14271
0.011964
0.0473479
-0.961169
0.271254
0.77902
0.371409
-0.714364
-0.491637
-0.608377
0.931056
-0.969371
0.971642
0.418515
0.881695
0.374263
-0.466946
0.652866
0.962468
-0.999536
0.677631
0.965496
0.120083
0.988264
-0.454442
0.965147
-0.622587
-0.500479
0.829566
-0.143307
0.812147
0.747904
-0.160663
0.779615
-0.83558
-0.513732
0.526432
-0.832742
0.512869
-0.878165
0.611056
0.99662
-0.287806
-0.423456
0.898123
-0.704482
-0.0769719
-0.643996
-0.995364
0.871323
-0.793503
0.440555
0.888483
-0.972851
0.16762
-0.31171
0.935675
0.193759
-0.555618
-0.780911
0.897613
-0.910003
-0.544374
0.696908
-0.552715
-0.224968
-0.271722
0.75659
-0.160628
-0.206428
0.15773
0.0106825
0.266016
0.973271
-0.888029
0.833016
-0.996303
-0.432677
0.64564
0.168745
-0.680277
0.768982
-0.528788
-0.904139
-0.981403
-0.947058
0.660468
0.217017
0.723613
0.986417
0.112427
0.0456054
-0.738523
0.239112
-0.610893
-0.729995
0.773045
-0.977851
-0.255991
-0.970195
-0.700379
0.859433
0.237296
-0.958202
0.948281
-0.372343
0.96747
-0.997125
-0.295975
-0.0907837
-0.958714
-0.469711
0.832422
0.516169
-0.420037
-0.688287
-0.786699
0.515447
0.907408
0.158097
-0.28497
0.871836
-0.929118
-0.478889
-0.323485
-0.730899
-0.137821
0.802492
0.935978
0.227776
-0.808312
-0.450009
-0.759635
-0.993265
0.777105
0.495015
0.999983
0.80038
0.595501
-0.934798
-0.91766
0.939655
-0.838984
0.251862
0.776393
0.937978
0.812021
0.188727
-0.995484
0.936321
-0.492982
0.696673
0.883322
0.193573
-0.342973
0.898087
-0.858014
-0.909214
-0.974847
-0.292467
-0.339306
0.974022
0.5333
-0.114975
-0.290443
-0.244578
0.56884
-0.989913
-0.450627
0.727445
0.939986
0.260052
-0.75176
-0.585206
0.301797
0.687128
-0.993504
0.451861
-0.156982
0.250446
0.178701
-0.407747
0.766094
0.234599
0.109109
-0.952266
0.578794
-0.16278
-0.892178
-0.844862
0.574436
0.794045
-0.0132134
0.94907
0.229102
-0.990046
-0.292858
-0.881209
0.97837
-0.915291
-0.52922
-0.97174
0.346626
-0.48618
-0.014848
0.664511
-0.777215
0.507044
-0.433861
-0.906858
0.780055
0.484655
0.718468
0.984811
-0.967785
-0.588496
0.234811
-0.214223
-0.509834
0.363083
-0.597872
0.990694
0.999986
0.443391
-0.740634
0.055375
-0.999969
-0.661657
0.30369
-0.846715
-0.693339
-0.422451
0.774419
0.0413778
0.993497
0.982151
0.962957
-0.199508
-0.982124
0.0517815
-0.672918
-0.998403
-0.93337
-0.0562581
-0.27755
0.947838
-0.998857
0.318542
-0.758262
0.309393
0.607993
0.835339
0.0290547
-0.448194
0.602427
0.919371
0.0929894
-0.930381
0.496062
-0.897461
0.113203
-0.767892
-0.997994
-0.332225
-0.915033
-0.803344
-0.451747
-0.393836
0.999809
-0.999968
-0.992944
0.681338
0.0844829
-0.0960121
-0.999543
-0.995823
0.0381373
0.791907
0.735562
-0.839858
-0.620281
-0.101296
0.928233
0.872552
0.989176
0.0262519
-0.879174
0.998141
0.870255
-0.797292
0.661534
0.85012
-0.999978
0.853408
0.580183
-0.502665
-0.932079
-0.911649
-0.895668
0.00879987
0.981498
-0.650537
-0.951891
-0.827299
0.47199
-0.447868
-0.778743
-0.99934
-0.99406
-0.445981
-0.563185
-0.95526
-0.40792
0.717835
0.9057
-0.800505
-0.897959
0.882653
0.806467
-0.91068
0.999956
-0.934645
0.223193
-0.0948581
-0.587319
0.204247
-0.923919
0.657738
0.185362
-0.881641
0.999882
0.597415
-0.992236
-0.867792
-0.421088
-0.99794
-0.923748
0.669602
0.874844
-0.258971
0.99994
-0.825892
-0.923167
0.676425
-0.447116
0.696251
-0.47167
-0.351763
0.59302
0.557034
0.447846
-0.350517
0.63237
0.0398394
0.92539
0.402499
0.772647
-0.623872
-0.985339
-0.424827
-0.99564
-0.353457
-0.679816
0.54322
-0.980153
0.766656
-0.817104
0.327395
-0.931438
-0.379008
0.555102
0.431148
0.437975
0.419557
-0.260593
0.665236
0.359135
-0.865225
0.038179
0.664762
-0.269392
-0.706949
-0.985975
-0.980671
-0.326521
0.984878
0.953248
-0.973894
0.998671
-0.772097
0.758269
-0.953725
-0.327017
-0.842625
0.00500248
-0.5831
-0.159543
0.89571
0.103261
-0.904978
0.966552
0.835204
-0.885299
0.467933
0.932653
-0.999381
-0.261146
-0.529295
0.496312
0.39784
0.151336
0.912379
0.999483
-0.999936
0.854237
0.648847
-0.154537
-0.226762
0.51397
-0.342406
-0.955703
-0.982456
0.136368
-0.0102779
-0.836086
-0.749662
-0.943786
-0.986147
0.78274
0.261516
0.905981
0.837384
-0.43309
0.922809
0.97933
-0.789336
-0.985329
0.955209
-0.361601
-0.333347
-0.429133
0.604998
0.992472
0.0588796
-0.83082
0.336099
0.617297
0.6621
0.66677
0.605947
0.997767
0.64538
0.0930957
-0.664735
0.337283
0.973201
-0.372644
-0.0243556
1
0.65836
0.542132
-0.962831
-0.537194
0.934054
0.378884
-0.183472
-0.460927
0.912519
-0.966015
-0.964379
-0.521686
0.903348
0.328443
-0.919786
-0.562024
0.894002
0.428516
-0.94379
-0.657611
-0.373668
-0.34565
0.66111
-0.710062
-0.656939
0.16897
-0.917196
0.718206
0.254982
-0.887775
-0.994671
0.98334
-0.310263
0.837616
-0.172275
0.434966
0.857602
0.999999
0.662913
-0.319555
0.987177
-0.868036
-0.710192
0.733147
0.339739
-0.346526
-0.387809
0.667451
-0.712114
-0.52207
-0.641963
-0.497895
0.302316
0.972337
0.998715
0.902197
-0.125523
-0.1334
-0.0915801
0.951881
0.998727
-0.368293
-0.833304
0.568859
0.978837
0.625092
0.400195
-0.662688
0.337163
0.865412
-0.839655
0.92503
-0.94998
0.936311
0.0778213
-0.969549
0.473434
-0.0905517
-0.549538
-0.10583
-0.697988
0.0594048
0.834257
-0.595554
-0.233006
0.995012
0.76871
0.998581
-0.455425
0.87545
-0.0710667
-0.683286
0.944438
-0.977151
0.101558
0.344769
0.0769937
0.990546
-0.966973
-0.900607
-0.853662
-0.144564
0.941121
0.8487
-0.991962
-0.218175
0.925314
0.755115
-0.0543538
0.385908
-0.578916
0.208485
0.761772
-0.796618
0.129712
0.744447
0.395964
0.960008
0.427544
0.931251
-0.833066
0.260185
0.562288
0.855421
-0.875778
-0.241391
0.0233769
0.16107
-0.490594
0.961894
0.990285
0.924668
-0.171787
-0.756427
-0.994805
-0.651006
0.828373
0.0809581
-0.826874
-0.365139
-0.934808
-0.383444
0.999457
0.435003
0.564779
-0.574673
-0.221017
-0.0798514
0.998138
0.979787
-0.623426
0.97541
0.56209
-0.890398
-0.890059
0.726034
0.482643
0.869308
-0.669116
0.892674
-0.870088
-0.127267
-0.471114
-0.845025
0.931022
0.860282
0.712966
-0.189031
0.344768
0.58631
0.445132
0.356204
0.691114
0.259479
0.941071
0.638814
0.0418509
0.831454
0.771975
0.892094
-0.253545
0.568239
0.77794
0.830314
0.975722
-0.621974
-0.25657
0.870151
0.900483
-0.992612
0.158528
-0.324214
-0.290787
-0.0716532
0.859105
0.779818
0.984339
0.306009
-0.988926
-0.534132
0.455425
-0.976754
0.840752
0.634295
-0.613681
-0.428493
0.965843
-0.363168
-0.286601
0.999995
0.329493
-0.998003
-0.532758
0.130768
-0.610465
0.356926
0.928415
-0.383619
0.145317
-0.975248
0.0539044
0.999798
-0.199055
0.15178
-0.996156
0.487574
-0.930998
-0.963778
0.724787
-0.509363
0.951073
-0.98327
-0.514661
0.991352
-0.824197
-0.968633
0.335283
-0.326763
-0.0559258
0.318764
-0.126202
0.820722
-0.895101
-0.632717
-0.887093
-0.271312
-0.0122752
0.000754848
-0.228487
0.963647
0.554686
-0.300139
0.0726073
0.974954
-0.00219192
-0.991423
-0.365566
0.999695
0.516215
-0.257144
-0.32347
0.903169
0.420508
-0.143114
0.517352
-0.967885
0.244171
-0.982717
0.797942
0.714386
-0.438076
0.993954
-0.796635
0.445247
-0.689396
0.996226
0.999719
-0.365035
0.635685
0.780932
0.869257
0.87725
-0.999998
-0.115962
-0.994731
0.830565
0.98429
0.222372
0.983886
0.98231
-0.439638
0.530464
-0.167043
0.2074
-0.681934
-0.690574
0.998709
0.997172
0.977377
-0.872732
0.66083
0.143349
-0.935924
-0.22505
0.523113
-0.132468
0.933828
-0.881747
-0.304338
0.915924
-0.573441
0.366148
-0.15893
-0.610107
-0.776262
-0.337447
-0.856863
0.878306
0.155972
-0.271499
0.047593
0.347605
0.237636
-0.968105
0.890218
0.466289
0.937103
-0.870043
0.369868
-0.872748
-0.388702
-0.606157
0.999487
-0.643098
-0.441223
-0.866301
-0.615185
0.958258
0.2972
-0.986133
0.820977
0.939771
-0.600515
-0.511419
0.0584134
0.634247
0.856314
-0.867995
0.999968
-0.188613
0.460483
0.495713
-0.996926
-0.954961
0.320322
0.842616
0.783722
-0.678822
-0.917775
0.671672
-0.680194
0.692431
-0.832498
-0.743391
0.512142
-0.948614
-0.975136
-0.861979
0.0113479
-0.359799
-0.518313
-0.559862
0.612382
-0.761242
-0.614738
0.187582
0.224538
-0.304063
-0.218295
0.391485
0.667354
0.953585
-0.595728
-0.778076
-0.989973
-0.0571797
0.831468
0.643847
-0.67378
-0.822486
0.198195
0.995404
0.322539
0.95523
-0.854083
0.877767
-0.74307
-0.993021
-0.213847
0.454611
-0.977951
-0.989583
0.170999
0.275123
0.720406
-0.663489
-0.772791
-0.73981
0.60769
0.731741
0.950363
-0.952069
0.835348
-0.556286
0.205294
0.535185
-0.0834182
-0.784458
0.681698
-0.773619
0.914762
0.865181
0.533909
0.894828
0.238852
0.0463226
-0.969098
-0.377295
0.850136
0.770105
0.635112
0.786174
0.936281
-0.0476863
0.924695
0.376165
-0.828852
-0.828852
-0.695374
0.629844
-0.0984747
-0.874802
0.321985
-1
-0.548672
-0.740562
-0.162857
-0.646394
-0.245023
-0.0871341
0.27832
0.740935
0.998583
-0.543815
-0.0356468
-0.535882
0.854456
-0.707953
-0.100778
-0.876406
0.45377
0.588908
0.33673
0.0492851
0.300375
0.813348
-0.600925
-0.705788
-0.990491
0.957106
-0.799625
-0.704362
-0.98328
-0.339145
-0.015028
0.953715
-0.311992
-0.786458
0.968741
0.457603
0.0114399
-0.0978061
0.998159
-0.742807
0.887918
-0.837209
-0.933925
0.25075
-0.932172
0.771787
0.791746
0.966239
-0.966929
0.992229
0.225223
0.35281
0.497325
0.999828
0.903258
0.870891
0.728598
0.412119
0.728945
-0.85226
-0.905431
0.311306
0.999996
0.610481
0.916131
-0.872406
-0.911965
-0.514412
-0.95462
0.21901
0.0881126
0.799725
-0.735808
-0.043544
0.997497
-0.337077
0.999724
0.307975
0.464007
-0.621384
-0.447517
-0.630013
-0.646763
-0.926474
0.597094
0.982946
0.467513
-0.99468
-0.773333
-0.451291
-0.872152
-0.928851
-0.886957
-0.749063
0.713787
-0.29766
0.575502
0.31793
0.873052
-0.667702
0.947221
0.808641
0.738206
0.7095
-0.925629
-0.994309
0.425906
0.955224
-0.987893
-0.634022
-0.761078
0.060795
0.813267
-0.0185507
-0.907475
0.334328
0.997236
-0.426798
-0.587589
0.96039
0.141658
0.304592
-0.87363
-0.98091
0.98419
-0.776608
0.249816
-0.980278
0.674987
0.105979
0.0716098
0.990212
-0.492691
-0.904865
-0.881543
-0.0222353
0.951304
-0.47217
-0.217588
-0.255058
-0.777567
0.107693
-0.963708
0.479348
0.831135
-0.224286
0.999547
0.505217
0.900722
0.261014
-0.567553
0.586675
0.943384
-0.685037
-0.971127
0.75856
0.240588
0.876226
-0.0158439
-0.781787
0.577105
0.23092
0.689021
-0.504825
0.549807
0.92339
0.631469
-0.959716
0.949768
-0.0676865
0.608005
0.923624
0.1531
0.830131
0.997899
0.971933
0.489471
0.0430974
-0.909739
0.671079
0.216122
-0.974615
-0.383349
0.505273
-0.96042
-0.619085
-0.451462
-0.817684
0.403804
0.837176
-0.794305
0.352652
-0.142975
-0.948001
-0.0067275
-0.270325
0.830731
-0.616217
-0.963036
-0.538036
-0.949869
0.987229
0.538439
-0.961771
0.999748
-0.863358
-0.582842
-0.938683
0.366394
-0.282894
0.0736342
-0.760865
-0.648347
0.503621
-0.999421
-0.865071
0.124632
-0.979757
-0.948544
-0.955377
0.122444
0.397154
-0.241579
-0.95175
-0.479621
0.994072
-0.943988
-0.116582
-0.996568
-0.996444
0.742896
-0.68183
0.879768
0.499758
-0.71073
-0.999975
0.678318
-0.16094
-0.999645
-0.333071
-0.226559
0.180267
0.811509
0.737565
0.73278
0.347469
-0.166741
-0.869783
-0.236127
-0.740528
0.00667555
0.992124
-0.375135
-0.825074
-0.684354
0.973832
0.525872
0.793098
0.293611
0.610839
-0.817451
-0.0327326
0.959384
0.199089
0.397154
0.693617
0.086796
-0.961744
0.529151
-0.997687
-0.99548
-0.425679
0.910028
-0.982253
-0.953119
0.963316
-0.641373
0.606506
-0.910244
-0.963801
0.998657
0.995047
-0.355468
-0.254561
-0.880155
0.519704
-0.954274
-0.0483632
-0.594466
-0.890812
-0.496207
0.705263
-0.895899
0.643691
0.996063
-0.726153
-0.172694
0.732767
-0.597071
0.237002
0.638179
-0.999993
-0.733517
-0.932827
0.589328
-0.997062
-0.188395
0.881367
0.0518245
0.199098
-0.570963
0.610327
0.496341
0.805385
-0.299896
0.439701
-0.796666
-0.102743
-0.797315
0.694449
0.145988
0.986002
0.833049
-0.843936
0.446421
-0.860575
-0.56682
-0.999299
-0.659575
0.980049
-0.977465
-0.996182
-0.569405
0.674066
0.0343839
-0.316591
0.98275
0.955706
-0.0084474
-0.506181
-0.608268
0.680948
-0.985222
0.9503
-0.689798
-0.54118
0.460217
0.980381
-0.0510144
-0.883984
0.824943
-0.87658
-0.998644
0.999823
0.836505
0.800484
-0.999723
0.256449
0.930887
-0.957485
0.756436
0.230181
-0.888885
0.840683
0.660679
0.995521
0.731134
-0.708015
-0.985859
0.991228
0.149933
0.976159
0.955949
0.975904
-0.543057
-0.202074
0.997434
0.999593
0.811392
-0.994732
-0.356611
-0.386732
-0.978011
-0.994012
-0.75476
0.148041
0.369035
-0.417197
0.500032
-0.375785
-0.984408
0.988475
0.0746333
0.835786
0.433571
-0.0445302
-0.121059
0.756225
-0.712801
-0.365863
-0.982712
-0.456161
-0.910057
0.059354
-0.583295
-0.842826
-0.455515
0.95646
0.313794
0.961218
0.701907
-0.905885
-0.953716
-0.310339
0.907849
0.966784
-0.870025
-0.93921
-0.525751
-0.646617
-0.485469
0.825317
-0.983208
-0.766658
0.862801
0.0926618
0.114213
0.1419
-0.903991
0.423815
0.982079
-0.878362
0.961076
0.82657
0.934935
-0.697469
-0.24616
0.73269
-0.442172
-0.744372
-0.970603
0.892656
0.840497
-0.308498
0.481407
-0.979549
0.982317
0.947868
0.266527
-0.218774
-0.983696
0.250122
-0.766909
-0.676285
0.992628
0.945253
0.321032
0.883566
-0.750828
0.836675
0.795885
-0.187692
-0.505313
-0.999327
-0.999291
-0.149009
-0.874995
0.984511
-0.395757
0.406179
0.382647
-0.953735
-0.995309
-0.258937
0.914792
-0.999995
0.838246
-0.779659
-0.99303
0.495898
-0.396612
0.112814
-0.942955
0.466934
0.99951
-0.999921
0.461645
0.472923
-0.840034
0.110908
-0.595952
0.941283
0.451739
-0.438181
0.71932
-0.801822
0.201058
-0.944314
0.3142
-0.973683
-0.492123
0.581422
-0.999953
-0.835334
-0.825814
-0.225982
-0.310918
-0.490534
-0.787448
0.369665
0.933465
0.993432
0.383761
0.689037
0.997025
-0.949886
0.367694
-0.930872
0.0873659
-0.354803
0.00448224
-0.325224
-0.256117
-0.683281
-0.879172
-0.931501
0.549156
-0.231142
0.362413
0.97235
0.619563
0.925737
-0.0596373
0.197846
0.983328
-0.519411
-0.31013
-0.417644
-0.982728
-0.726071
0.0977141
-0.99537
0.591167
-0.460358
0.554579
0.0778375
-0.913936
0.364337
0.914199
-0.862199
0.970942
-0.914499
0.146528
-0.612773
0.018915
-0.196131
0.494565
-0.990467
-0.6171
-0.983828
0.616522
0.826429
0.947448
-0.714363
-0.228227
0.276589
-0.442647
-0.3345
0.275177
0.999994
0.999159
-0.928089
0.955194
-0.597062
0.90721
-0.668433
0.83546
-0.177177
-0.389206
-0.745171
-0.835844
-0.960685
-0.890959
0.459029
0.961511
0.987098
0.639351
0.764153
-0.143668
0.740175
-0.720453
0.602021
-0.363595
0.939199
-0.958404
-0.951543
0.853045
-0.999242
-0.494103
0.317023
-0.69316
0.162715
0.937603
-0.918863
0.65834
-0.189837
-0.536242
-0.264039
0.991769
0.153834
0.0683006
-0.790041
-0.989993
0.992956
-0.937293
-0.54998
0.550958
0.871912
0.551641
0.376439
-0.039673
0.578588
-0.927092
0.889371
0.994772
0.67696
0.808464
0.810122
-0.417063
0.866986
-0.454037
-0.0341311
-0.293064
0.991779
-0.648747
-0.29939
0.99619
-0.823219
0.793533
-0.168177
-0.304211
0.99896
0.660325
0.363888
0.574588
0.587333
-0.671882
0.943352
-0.146117
-0.829549
-0.76239
-0.906353
0.427038
-0.918575
-0.868069
-0.20974
0.0651622
-0.457542
-0.496511
-0.544228
-0.894946
-0.846596
-0.636096
0.0566952
0.699519
-0.803315
0.91174
-0.977899
0.999819
-0.984397
-0.998118
-0.944624
0.699967
0.79717
0.998729
0.594963
-0.558036
0.995355
0.132443
-0.105179
0.582964
0.8679
-0.761486
0.93564
0.989633
-0.004571
0.462801
0.623475
-0.154708
0.995807
-0.735739
0.734847
0.440689
-0.463786
-0.994408
0.951527
-0.727482
-0.0197478
0.659717
0.984786
-0.342002
-0.999994
-0.941812
0.959752
0.0574937
0.187462
-0.586223
0.994337
0.484903
0.530435
0.571283
0.582973
0.800586
0.40525
-0.116871
-0.926581
-0.226935
-0.736106
-0.650794
0.574548
0.531364
-0.896558
0.00719141
-0.584094
0.686779
0.583563
-0.702369
-0.999717
-0.962036
-0.625105
0.998019
-0.983238
-0.413751
-0.880932
0.316855
-0.488608
0.939626
-0.823764
-0.992796
-0.986889
0.846747
-0.470687
0.565249
0.990398
-0.92005
-0.666589
-0.543729
-0.957327
-0.210442
-0.728931
-0.938094
0.430868
0.367682
-0.992386
0.946168
-0.633804
-0.613265
0.680986
-0.952847
-0.608838
0.612407
-0.891561
-0.456216
-0.0395311
0.00225973
-0.478534
0.0896088
-0.991977
0.550867
-0.996487
0.922372
-0.65674
-0.99467
0.367088
0.572555
0.996492
-0.106733
0.86024
0.588659
0.423096
0.379522
0.506317
0.920923
-0.535139
-0.991342
-0.998132
0.189812
-0.533965
-0.924628
0.193593
0.221697
0.877632
0.366568
-0.867987
0.243397
-0.99252
0.501242
0.280471
-0.941986
-0.935907
-0.109209
-0.46023
-0.980472
0.957989
-0.409742
0.629995
0.0270568
-0.0412006
0.868155
0.446005
0.75155
-0.946205
0.918268
-0.934213
-0.556124
-0.493899
0.782338
-0.998026
-0.48857
-0.702007
0.669663
0.181305
-0.875689
-0.69623
-0.950344
0.15542
0.850073
-0.205394
-0.572311
-0.587878
-0.726279
-0.663496
0.976541
-0.894588
-0.457679
0.360889
0.961518
0.250858
0.993724
0.295526
0.126695
-0.908428
0.325772
-0.998225
-0.174179
-0.0944833
0.0042715
0.0177943
-0.928183
-0.680475
0.684213
-0.510145
-0.468049
0.893161
-0.0645479
-0.665236
0.711991
0.964676
-0.3932
-0.42882
-0.858348
-0.790792
-0.972334
0.301779
-0.511351
-0.892657
0.369597
-0.20754
0.865562
-0.531844
-0.0383557
-0.41911
-0.742767
0.357707
0.344533
-0.424723
0.822735
-0.215239
-0.9672
-0.708252
0.34498
0.0301502
-0.465067
-0.240932
0.740026
-0.441718
-0.9495
0.896617
-0.715782
0.337357
0.829406
0.667155
0.0674995
0.921276
0.875994
0.0170876
-0.74743
-0.0856018
0.849419
-0.0962102
0.536743
-0.999774
-0.834623
0.702439
-0.861439
0.14329
-0.935997
-0.583571
0.999817
0.886081
0.0162163
0.654913
0.303513
0.0112681
-0.0479172
-0.847825
0.287954
-0.992718
0.989765
-0.611249
-0.731212
0.514085
-0.930731
-0.0154593
-0.23595
0.53083
-0.354826
0.0458556
0.981887
0.513779
-0.912356
0.816641
-0.985237
0.980955
0.9144
0.687838
-0.347164
-0.951183
-0.8108
0.236145
-0.746554
-0.975423
-0.43102
0.99179
0.73776
0.977815
0.535038
-0.299442
-0.262604
-0.293558
0.999853
-0.630919
0.728225
-0.489915
0.835029
0.473805
0.489943
-0.984062
-0.406445
0.0294009
-0.233225
0.424703
0.938465
-0.711801
-0.767482
0.94757
0.0409523
-0.607338
-0.970423
-0.692665
0.997073
0.798496
-0.0900566
0.402637
0.926481
0.225935
-0.640134
0.998749
0.915736
0.6609
0.975477
-0.978033
-0.957961
-0.942571
-0.692391
-0.419935
0.510288
-0.865489
-0.947681
-0.294495
-0.0957625
-0.815126
-0.369283
0.235109
-0.145719
0.079524
-0.812551
0.789211
0.94504
-0.582332
0.624035
-0.0528338
0.464098
0.151568
-0.965474
0.966931
0.0301618
-0.725855
0.979826
-0.0463123
0.042906
0.614746
-0.720849
-0.968662
0.0737207
-0.921912
-0.778972
-0.379078
-0.604512
-0.0292962
0.630317
0.717342
-0.326077
0.948262
0.670935
0.653494
-0.831828
-0.803154
0.79635
-0.0317541
-0.440679
0.90965
0.0370919
-0.956421
-0.999086
-0.99809
-0.379777
0.473704
0.32281
0.54783
0.845797
0.892024
0.407605
0.607308
-0.621679
-0.669474
0.660004
0.419766
0.272343
0.99387
0.0564357
0.93586
0.3683
-0.900069
0.896687
0.934522
0.728654
0.00777609
-0.908187
0.985547
-0.0474721
0.842446
-0.249485
0.999958
0.71768
-0.685025
-0.406194
-0.453287
-0.953654
0.656828
0.615997
0.311526
0.846934
-0.543463
0.43739
-0.957425
0.392705
0.885109
-0.973895
-0.512583
-0.312257
-0.991892
0.104367
-0.848007
0.594818
-0.324303
0.479497
-0.802918
0.0844807
0.178856
0.792712
-0.969134
0.344781
0.724639
0.877277
-0.914563
-0.54367
0.917988
0.87908
0.739019
0.855222
-0.160332
-0.298831
-0.776306
0.988326
-0.986529
0.919455
0.143434
0.449523
-0.979401
-0.975622
-0.993003
-0.128229
-0.0884176
-0.0262521
-0.909359
-0.92089
-0.934069
-0.998445
-0.999836
0.36055
-0.617532
-0.631063
0.414945
0.889067
-0.0907548
-0.98139
0.926065
0.933438
0.219901
0.0853899
-0.946202
-0.897701
0.0343882
0.322845
-0.817898
0.0950549
-0.288036
-0.997404
-0.509416
-0.722308
-0.434941
0.520318
0.300687
0.508509
-0.742109
-0.0152862
-0.986012
0.990756
0.994559
0.762813
-0.954744
0.957176
0.418635
0.284974
0.261353
0.281613
0.37611
0.947398
0.998009
-0.930473
0.955487
-0.769165
-0.598768
0.901205
0.705368
-0.628847
-0.845791
0.2471
-0.996175
-0.759314
0.855474
0.0766238
0.161853
0.883872
0.919806
0.64227
-0.362325
0.999546
-0.406625
0.950165
0.114977
0.303331
-0.944851
0.701594
-0.406621
0.957769
-0.999878
0.968974
-0.727595
0.543607
0.994319
0.861644
-0.319353
0.430358
-0.471384
-0.982743
0.997739
0.918687
-0.834751
-0.732226
-0.868233
0.291578
-0.787299
-0.957638
-0.010922
-0.379053
-0.592509
-0.508387
0.855512
-0.604148
0.975568
-0.473233
-0.27432
0.625704
-0.749289
0.955557
0.996432
0.890452
0.999562
0.826493
-0.0510539
0.295449
-0.995324
-0.261768
0.998425
-0.756392
0.106333
0.105374
0.428005
0.186502
0.867241
-0.110952
0.866853
-0.0893231
0.111923
-0.587492
-0.904025
-0.982825
0.604018
0.909142
0.999784
0.969004
-0.955984
-0.889401
0.466274
0.932591
0.161685
-0.975595
-0.954237
0.999839
0.949078
-0.827475
-0.549415
0.271689
0.998257
0.469349
0.65077
-0.592068
-0.222988
0.999652
0.856345
0.649736
0.301284
0.999666
0.675219
-0.798623
0.867652
-0.692353
0.927819
-0.740741
-0.98437
-0.224873
0.0782413
0.939719
0.959952
-0.970135
0.999779
0.0924193
-0.247812
0.97447
0.0582243
0.743773
0.336554
-0.768009
-0.974816
-0.416718
0.623162
-0.969101
0.649922
0.367092
-0.887567
0.59936
0.479239
-0.982355
-0.0328133
-0.975525
-0.925015
0.183257
-0.755852
0.993218
0.859576
0.591584
0.999936
-0.203047
-0.070528
0.910281
0.988527
-0.550052
-0.87979
0.964114
-0.413328
-0.793223
0.173874
0.893741
-0.560338
-0.900389
0.998838
-0.906504
0.957473
0.599571
0.231154
0.647889
-0.835524
0.137713
0.979519
-0.983424
0.571142
0.688575
0.715485
0.889148
0.943275
0.104263
0.961581
0.855181
0.962411
-0.318237
0.516509
-0.341465
0.592901
-0.34599
0.979008
0.051191
-0.912761
-0.92375
-0.585982
0.872574
-0.0337345
0.926361
0.623428
0.884745
0.999688
0.705149
0.412395
0.801165
-0.687723
-0.337583
-0.0253206
0.727996
-0.935181
0.587926
0.755849
-0.0346165
0.920573
-0.269842
-0.063766
-0.909699
-0.336194
0.997614
0.0784155
-0.989623
-0.100016
-0.475821
-0.221022
0.431996
-0.869058
-0.335034
0.661865
0.580275
-0.902257
0.999887
-0.966675
0.995523
0.652003
-0.510276
0.881555
0.865421
0.926035
0.808933
-0.48662
-0.631158
0.82384
-0.214974
0.876854
-0.288198
-0.86559
0.626019
0.880771
0.132121
0.720464
-0.50094
0.998757
0.711266
-0.974556
0.780013
-0.562539
0.0408629
-0.923957
-0.0165061
0.986455
0.807491
-0.514123
0.0603975
0.50751
-0.947674
-0.999998
0.829097
-0.15888
0.66902
0.273006
-0.161381
-0.999459
0.454096
0.948792
0.98456
-0.748269
0.166826
-0.859157
0.940429
0.889786
-0.0027005
0.385145
0.117292
-0.0435417
0.958557
0.115559
0.766847
0.331593
-0.501327
0.181836
0.884742
-0.940641
-0.927995
0.675905
-0.999489
-0.256795
0.990463
-0.917178
-0.999855
0.332033
-0.170381
-0.410757
0.726983
-0.810113
-0.818648
-0.961266
-0.164316
-0.122946
-0.994214
-0.997909
-0.633322
-0.999982
-0.993293
-0.610924
-0.38631
-0.121899
0.626867
-0.55835
0.641136
0.85499
0.648944
0.543177
0.932047
0.985951
-0.964667
0.622037
0.671061
-0.994237
0.996438
-0.851791
-0.14332
-0.998923
-0.128295
0.838427
-0.785518
0.943576
0.161989
-0.81068
0.687753
0.961805
0.767907
0.0892819
0.0116769
-0.697427
-0.882974
0.98219
0.906167
-0.673025
0.773864
-0.551053
0.520007
-0.252615
0.831668
-0.775225
0.999679
-0.166992
0.994656
0.999929
0.932057
-0.774054
0.999951
-0.77536
-0.144143
0.999467
-0.57183
-0.999402
-0.957677
-0.780013
-0.0349006
-0.965271
0.453108
0.393205
-0.0373708
0.995423
-0.986624
0.133362
0.863087
-0.389039
-0.0175856
0.999136
0.513103
0.951127
-0.658573
0.543788
-0.405521
0.976474
-0.542629
-0.981158
-0.898619
0.720149
0.361866
-0.169877
0.845424
-0.89198
0.876162
-0.967345
-0.0593847
0.981447
-0.211393
-0.950598
0.978308
-0.825296
-0.976872
-0.578249
0.363583
0.117055
0.928939
-0.977012
-0.0608457
0.716717
-0.993839
0.147985
0.934137
0.574122
0.7875
0.986559
-0.978897
-0.9751
-0.905725
0.392337
0.495212
0.430941
-0.997068
-0.299981
-0.730278
0.604435
0.814072
-0.85626
-0.880022
-0.875603
0.366087
0.591036
0.67984
0.418649
-0.977126
0.837289
-0.913241
-0.44702
-0.0519435
-0.827917
-0.131814
-0.388113
-0.192003
-0.452059
0.991515
-0.625247
-0.896796
0.210051
-0.335979
0.594574
0.484703
-0.302241
-0.193253
0.512489
-0.838199
-0.175586
0.699836
-0.313609
0.67002
-0.988503
0.776946
-0.934727
-0.426973
0.701736
-0.998722
-0.466254
-0.530563
-0.972137
-0.395296
-0.594908
0.355223
-0.0283768
-0.88018
0.673511
0.963378
0.546685
0.523019
0.354813
0.999857
-0.870297
-0.222634
0.375091
0.74112
0.570487
-0.309979
0.0978294
-0.953356
0.807769
0.987145
0.167816
-0.540381
0.470639
-0.794372
0.100596
0.413447
-0.196584
-0.974497
0.992746
0.517377
-0.663764
-0.589691
0.115061
-0.931657
0.910124
-0.702747
-0.903622
-0.999867
-0.287502
-0.967551
-0.074179
0.999999
0.947611
-0.628557
-0.226851
0.21914
0.298927
0.999998
-0.465552
0.127637
-0.715561
0.891584
0.662647
0.63667
0.467101
-0.769587
0.115028
0.838382
-0.979515
0.392971
-0.6452
0.321213
-0.989174
0.743663
0.986227
-0.647343
-0.457163
-0.675792
0.263005
0.591035
0.15885
0.415654
-0.782835
-0.636045
0.993909
-0.439719
-0.00995741
0.207237
-0.205303
0.803212
-0.789191
0.893392
-0.947132
-0.657269
0.939624
0.126354
0.949514
0.79516
0.412583
-0.485088
0.673946
-0.969787
-0.980518
0.562975
-0.909733
-0.30031
-0.567226
-0.971297
-0.354657
-0.301287
-0.482405
0.143547
0.588617
-0.831687
0.893126
0.793177
-0.814831
-0.951597
0.100818
0.414678
0.568687
0.000198002
-0.0317961
-0.528183
0.821112
-0.150679
0.126026
-0.924667
-0.821889
-0.805485
-0.649917
-0.982282
0.941079
-0.872403
-0.974133
-0.118417
0.210565
-0.601071
0.429664
-0.334546
-0.77934
-0.57305
0.899797
-0.999357
-0.823713
0.514092
-0.989945
0.809348
-0.875079
-0.877198
-0.811158
-0.999988
-0.997861
0.583671
0.963444
0.334937
-0.506315
0.166623
-0.932268
0.406755
0.570955
-0.998675
-0.200973
-0.543048
-0.9998
0.808926
-0.854629
0.864598
0.667622
0.567816
0.0626624
-0.80025
-0.441322
-0.437554
-0.854217
0.103378
-0.999563
-0.469225
-0.885989
-0.973632
0.479647
0.972667
0.978346
0.885242
0.951907
-0.75341
-0.687945
-0.982094
-0.916686
0.234295
0.667765
-0.377962
0.674928
-0.992903
-0.215633
-0.676858
0.214889
0.796689
0.936803
-0.997259
0.598939
-0.512107
0.994137
0.778158
0.869677
0.666398
-0.904245
-0.761203
-0.999826
0.49576
0.511745
-0.409072
-0.896192
0.530098
0.867484
0.295346
-0.194359
-0.199124
-0.472694
0.991934
-0.62171
0.853926
-0.94632
0.866753
0.992457
-0.456504
-0.467854
-0.561172
-0.00752687
-0.22335
0.817411
0.967805
0.00406193
0.0934831
0.967616
-0.852394
-0.963871
0.835851
-0.849126
-0.968845
0.581621
-0.927432
-0.594198
-0.681498
0.920849
-0.676541
-0.427887
0.800929
0.991881
-0.78003
-0.979536
-0.980636
0.584309
0.554004
-0.992671
-0.937044
0.435408
0.594996
0.153553
-0.964961
0.944269
-0.356204
-0.226865
-0.212014
-0.98488
0.200656
0.991183
0.999846
0.17777
-0.998291
0.385407
0.879145
-0.651592
-0.446148
-0.676423
-0.366425
-0.316808
-0.887197
0.584035
0.409198
0.750828
-0.26227
0.926696
0.88776
-0.255047
-0.994677
0.936519
-0.515687
-0.651016
-0.961501
0.577544
-0.246837
0.0840078
0.689781
0.841623
0.942327
-0.749788
-0.700439
-0.182813
0.201839
-0.435509
0.565507
-0.133131
0.501146
0.990046
0.627585
-0.490761
0.948301
0.431798
-0.997767
-0.186134
0.920407
0.249287
0.0325602
-0.410773
-0.31714
0.96389
0.893211
0.757597
-0.196506
0.285067
0.999896
0.498755
-0.99188
0.927849
-0.84655
-0.980031
-0.931119
-0.811137
-0.974428
0.787503
-0.976767
-0.0940829
0.661498
-0.218023
0.348419
-0.988066
0.148807
-0.885135
-0.476627
-0.488255
-0.903167
-0.912778
-0.229089
0.0615205
-0.51963
-0.965756
0.844815
0.27579
0.999846
0.266714
-0.0326337
0.723246
0.27764
0.379401
0.584714
-0.645099
0.775941
-0.344921
-0.0878958
0.550426
-0.969748
0.706756
0.843205
-0.23271
-0.310128
-0.572638
0.373725
0.935002
-0.254705
0.999998
-0.352927
0.949159
0.0236891
0.30258
0.809036
-0.267493
0.288975
-0.805095
-0.898439
-0.876389
-0.997008
0.349238
0.99397
0.64141
-0.123894
0.0396389
-0.5176
-0.176113
0.993537
-0.999816
-0.16985
-0.997539
0.754509
0.972101
-0.528171
0.886552
-0.949242
-0.0633198
-0.969765
-0.993563
-0.537383
-0.933172
-0.888748
-0.910466
-0.569832
0.219197
-0.0291656
-0.567489
0.522901
0.798117
-0.209745
-0.787909
0.697391
0.906063
-0.994195
0.737989
-0.213431
-0.0611121
-0.707237
0.985238
0.858469
0.858644
-0.662286
-0.461022
0.930934
0.819715
0.997085
0.899524
-0.906488
0.902605
0.209445
-0.976256
-0.953306
0.913962
-0.969812
-0.664805
-0.755663
0.877705
-0.457828
-0.893565
-0.436984
0.225996
0.811747
0.999849
-0.456008
0.555518
-0.286734
-0.389572
0.0328247
0.990856
0.899398
-0.900895
0.310784
-0.384637
-0.502013
0.988633
0.663485
0.764208
0.691437
0.0944656
0.808596
-0.997492
0.970432
0.171166
0.487003
-0.992777
-0.919675
0.984198
-0.995616
0.691127
-0.372462
0.54368
0.210521
0.973708
0.979781
-0.963973
-0.784703
0.974952
0.894396
0.904844
0.999426
0.622409
-0.199567
-0.632329
-0.0173443
-0.228995
-0.737953
-0.976644
-0.892139
-0.747068
0.41637
0.831788
-0.996709
-0.811603
0.533282
-0.374896
-0.325581
0.38648
0.139151
-0.999853
-0.235345
0.839539
-0.862109
-0.815184
-0.996906
0.807755
0.345367
-0.991144
0.980771
0.226751
-0.295744
0.548872
0.997478
-0.933904
0.326596
-0.708214
-0.995782
-0.522428
-0.146398
-0.572088
0.799098
0.745737
-0.483417
-0.748209
0.259417
0.424013
-0.274238
-0.661173
-0.761231
-0.34715
-0.956104
-0.475155
0.626435
-0.198314
-0.579476
-0.701718
0.75901
0.288041
0.719711
0.53863
0.433027
-0.228441
0.758071
-0.0856235
0.943549
-0.979651
-0.439954
-0.0103894
-0.974
0.968396
-0.490315
0.507477
0.329617
0.890645
-0.98851
-0.759805
0.61118
-0.510957
-0.208199
-0.844432
0.201763
0.764897
0.42236
-0.947
0.991357
0.755218
-0.820826
0.827899
0.578183
-0.646411
0.645232
0.549511
-0.0199466
-0.539327
0.410963
-0.629113
-0.734181
0.697608
0.580003
0.930763
-0.887417
-0.997192
-0.562616
0.772111
0.230231
0.622511
-0.913641
0.437691
-0.565873
-0.542276
-0.506793
0.522758
-0.420736
0.236141
-0.216892
0.886274
0.704945
0.99096
-0.663409
-0.996612
-0.30656
-0.988244
-0.113108
-0.432927
0.0477298
0.116185
-0.788816
-0.97843
-0.820957
-0.791567
-0.844292
-0.939077
-0.21077
-0.775539
-0.944025
0.751173
-0.535999
0.0454025
0.573965
-0.846592
0.999996
-0.710411
0.996813
-0.0681758
-0.718043
0.447743
0.997933
-0.646664
0.59477
-0.855967
-0.687612
-0.100501
0.75032
-0.0668889
-0.3548
0.903573
-0.621205
-0.423999
0.991212
-0.282464
0.981876
0.864987
0.473788
0.912761
-0.433893
0.571889
0.323368
0.987443
0.421858
-0.876046
-0.276073
-0.800721
-0.964319
-0.473027
0.420277
-0.997238
0.842711
-0.538977
-0.950459
0.84611
0.64931
-0.449251
0.570842
0.981356
-0.633848
-0.626842
0.0930606
-0.078214
0.596914
0.935245
0.94188
-0.60091
0.940983
0.853764
0.529331
0.989715
-0.780097
0.192015
-0.0290233
0.391999
-0.946037
-0.75909
0.659015
-0.500786
0.440827
0.667273
0.136501
-0.945283
-0.645885
-0.617573
-0.418212
-0.512899
0.961061
0.910994
-0.104312
-0.385227
-0.81069
0.964035
-0.457355
0.646617
-0.10943
0.28402
-0.560086
0.898042
0.363619
0.0976583
-0.999559
0.229656
0.998765
0.293451
0.780662
-0.839522
0.556562
0.754218
-0.185481
0.974971
0.9159
-0.297273
-0.894777
0.451005
-0.0687821
-0.610416
-0.0405236
0.151349
-0.0482257
-0.776444
-0.163564
0.962454
0.82874
0.708452
0.441317
0.509766
0.707427
0.766142
-0.441617
0.0481626
-0.621039
-0.483152
-0.421127
0.260522
-0.623569
-0.702245
-0.389447
0.975742
0.27596
0.547393
0.988567
-0.0687545
0.0832235
0.99586
-0.761332
0.213378
0.954771
0.297435
0.99986
-0.730872
0.529451
-0.795147
-0.953918
0.968709
-0.0416493
-0.216152
0.724675
-0.98416
-0.195325
-0.19313
0.441018
0.123955
0.977272
-0.919073
-0.618989
0.715574
-0.177876
-0.999285
0.538262
-0.978972
0.818378
0.885384
0.72836
0.564407
-0.859178
-0.12602
0.0461026
0.997329
0.976169
-0.647144
0.21992
-0.329915
-0.934347
-0.804804
0.604477
-0.769713
-0.123923
-0.709918
-0.610561
0.251828
0.958462
0.998837
-0.249802
0.59527
0.993279
-0.0155469
0.995485
-0.998322
-0.198265
-0.780413
-0.564336
0.866814
-0.0795706
-0.999985
0.148655
0.990871
-0.966129
-0.167344
0.075088
0.62333
0.237004
-0.160469
-0.323947
0.67549
0.12667
0.928275
0.156294
0.755895
-0.775373
-0.0423609
0.26801
0.542324
0.41296
-0.282232
0.00324153
0.748968
-0.0240403
0.773148
-0.884018
0.448082
0.930992
0.0733757
0.859458
0.295287
0.984911
-0.832296
0.158038
-0.797673
-0.748274
0.757245
0.678219
0.764348
0.240868
-0.610302
0.612314
-0.248651
-0.489243
0.24841
0.290262
0.244976
0.936964
0.836204
-0.620135
-0.118909
0.775298
0.824963
0.410669
-0.844522
0.525012
-0.596814
0.926323
0.726841
-0.991768
0.786546
0.852623
0.217067
0.901038
0.518977
0.881841
0.376465
0.836813
0.293722
-0.635619
-0.55809
-0.85754
-0.799083
0.274262
0.966819
-0.957384
0.698468
-0.999929
0.874908
-0.22583
0.988117
0.927387
1
-0.602118
-0.0623344
-0.999989
-0.988455
-0.496711
0.518785
0.189605
0.988859
0.778907
-0.972128
0.554469
0.967642
0.661917
-0.754128
0.477686
0.857683
-0.327147
0.989192
0.993097
-0.869535
-0.529138
-0.954164
0.680576
-0.462289
-0.971314
0.921591
-0.987977
-0.353789
0.793088
-0.974845
-0.646477
0.669636
0.97106
0.837047
-0.398847
-0.676129
0.28113
0.169213
-0.983175
0.883437
-0.404182
0.619474
0.86298
-0.439161
-0.168826
0.1048
-0.698275
-0.643667
-0.963427
0.744272
0.620671
-0.900585
0.508473
0.943158
-0.518038
-0.575312
-0.801882
0.400276
0.979888
0.908821
-0.921271
0.39722
0.99847
0.108627
0.02198
-0.974645
-0.634958
-0.485597
0.981208
0.263138
-0.928465
0.515282
-0.0713774
-0.999981
-0.321572
-0.0882311
0.227776
-0.302189
0.569434
-0.999304
0.997558
-0.817638
-0.943167
0.999985
0.999966
0.113674
-0.862268
-0.6216
-0.314463
0.0641621
-0.947041
-0.38557
0.723745
0.394908
0.768081
-0.999664
-0.994295
-0.207115
-0.391878
-0.971415
0.991614
0.879053
-0.342839
0.193379
-0.955717
-0.950664
0.917598
-0.736298
-0.578904
-0.992079
0.752678
0.647006
-0.158346
0.428443
0.782974
0.186073
-0.500342
0.089679
-0.595515
-0.958475
-0.788961
0.554611
-0.631502
-0.669154
0.587454
0.650404
0.0471849
-0.111013
-0.639973
-0.277135
0.862341
0.688989
0.625555
0.303545
0.251144
0.96878
-0.983792
0.628364
-0.323549
0.132623
-0.551062
0.461441
0.971009
-0.92575
0.868275
0.516347
0.528094
-0.988849
-0.227623
-0.404375
-0.0367081
0.183042
0.398502
-0.109041
-0.208183
0.123588
-0.999871
-0.375342
-0.360065
-0.939014
0.959565
0.292258
0.559054
0.984646
-0.631216
0.838968
-0.395849
0.437708
-0.866101
-0.589765
0.987889
-0.744003
-0.677894
0.462131
-0.12876
-0.154634
-0.999829
-0.642455
-0.918906
0.298654
0.0117926
-0.0289598
0.0716258
-0.186022
0.7937
0.830407
0.292505
-0.35323
0.595545
0.0784078
-0.0120727
0.0964195
-0.447047
0.996007
-0.535796
-0.0644739
0.618519
-0.999466
0.295113
-0.156829
-0.968045
-0.334466
0.939244
0.473661
0.910834
0.729648
0.845474
0.997245
-0.141056
0.94356
0.982855
0.934731
-0.867498
-0.954941
-0.938176
0.895864
-0.912607
-0.310232
-0.289092
0.350703
-0.83286
0.453559
-0.160267
0.337727
-0.0572778
-0.926428
-0.11706
0.184062
-0.984165
0.266372
-0.986997
0.15627
0.931011
-0.755172
-0.175864
-0.878323
-0.020287
0.333258
0.794939
0.98532
-0.305705
-0.406801
0.163855
0.0205296
-0.312718
-0.830705
0.998072
-0.864679
-0.898517
-0.21387
-0.0079011
0.23572
0.824029
-0.699783
0.424999
-0.710219
0.292797
0.917004
0.987812
-0.194728
0.974631
-0.812528
-0.975983
-0.132593
-0.928943
0.622696
0.768914
-0.449495
0.852483
0.715962
-0.27218
0.859785
0.891421
0.112835
-0.996221
0.423455
-0.0220564
0.832251
-0.426331
0.185237
0.968673
-0.555563
-0.928048
-0.545534
-0.795651
0.864301
0.98531
-0.232817
-0.467032
-0.343669
-0.0626444
-0.885981
0.939979
0.602031
-0.705504
0.205454
-0.992073
-0.820414
0.311345
-0.31971
-0.448813
0.999376
-0.498025
0.963601
-0.388432
0.582224
-0.11172
0.191367
-0.489333
-0.436238
-0.813646
0.495441
0.410491
-0.0583881
-0.476102
-0.685396
0.972783
0.868643
-0.787848
-0.71709
-0.289259
-0.851626
-0.922321
0.619318
-0.141034
0.94328
-0.710035
0.679551
0.0344746
0.791229
-0.16671
0.665262
-0.839324
0.718884
-0.982365
-0.583651
0.998835
-0.746461
-0.970828
0.982478
-0.883144
-0.963773
-0.800936
-0.416878
0.173967
-0.670432
-0.702714
0.999503
0.320029
-0.467067
0.978646
0.525348
0.652393
-0.997126
-0.267258
-0.983464
0.496965
-0.933011
-0.9949
-0.0858392
-0.937205
0.617143
0.942816
-0.560995
0.262411
0.978609
0.333053
0.991066
-0.635846
-0.0772203
0.840827
0.987356
-0.971719
0.380135
-0.716738
0.889609
-0.892358
0.96607
-0.104192
0.220768
0.907226
-0.914735
0.681915
-0.824354
-0.973252
-0.389072
0.891645
-0.298889
-0.997817
0.739617
-0.991724
0.888565
0.0302654
-0.765606
-0.624021
-0.975653
0.251406
-0.184922
-0.89796
0.11374
-0.948309
0.755479
0.404225
0.674713
-0.829282
-0.324986
-0.579354
0.926534
0.8567
0.982194
0.99829
0.537416
0.69308
0.233639
0.999718
-0.988508
-0.608695
-0.91232
-0.207514
0.234146
0.971177
0.511064
0.842965
-0.720646
0.99823
0.579975
0.842931
-0.637859
-0.921101
0.0721761
0.233957
-0.0375806
-0.971603
0.709394
-0.762395
-0.12558
-0.559473
0.922723
0.961837
-0.0170133
0.98757
0.900494
0.937738
0.000374103
0.067682
0.483629
-0.928166
0.993343
0.999201
0.942955
0.983448
0.85009
0.996206
0.13035
-0.387965
-0.948499
0.141471
-0.836429
0.0917241
0.534788
0.584256
0.925649
0.0700035
0.633223
0.939385
-0.81313
0.269439
0.988841
0.525861
0.330797
-0.982284
0.689605
0.999994
-0.471398
0.849937
0.100897
0.966371
0.688854
-0.664244
-0.910492
-0.837892
0.333111
-0.999849
0.153749
-0.570238
-0.972857
-0.958245
0.454754
-0.0245961
-0.862156
0.156911
0.824719
0.422157
-0.709346
-0.245825
-0.712322
-0.0821357
0.957023
-0.0236099
-0.0410176
-0.927049
-0.807291
-0.0104504
0.997334
0.0889553
0.939003
0.907431
0.395556
-0.669692
0.915269
-0.974135
0.632836
-0.932093
0.788432
0.955252
0.982972
0.668923
0.325691
-0.0320212
0.97404
0.593354
0.969475
-0.809205
-0.953733
-0.938145
0.999155
-0.416634
-0.796562
0.944692
0.389254
0.926787
-0.711276
0.351896
0.589281
-0.787989
-0.854436
0.950895
0.531922
0.840337
-0.400783
-0.997264
0.991498
0.777064
0.0387694
-0.429554
-0.98237
-0.058628
0.63371
0.999308
0.968864
-0.989892
0.999972
0.972184
-0.68617
-0.678041
-0.0557693
0.97654
0.750421
-0.956065
0.957698
0.860586
-0.68527
-0.207813
0.447182
0.661128
0.783653
0.547147
-0.398585
-0.968436
-0.492891
-0.127622
0.205121
0.263793
-0.805163
0.999626
0.0377482
0.318312
0.275064
0.334377
0.948171
0.462404
0.957732
0.0454833
0.985212
-0.43498
-0.812218
-0.837808
0.228245
-0.839645
-0.0381287
-0.999291
0.352196
-0.741831
-0.144973
0.112145
-0.972785
0.810443
0.995054
-0.961729
0.99998
-0.85279
-0.347538
0.858101
0.99903
0.687077
-0.550215
-0.937069
-0.0661339
-0.73184
0.422865
0.759037
-0.527924
0.986476
-0.571244
-0.422158
0.137664
0.829978
-0.934071
0.833768
0.990059
-0.988569
-0.615676
0.373707
-0.294204
0.936361
-0.203399
-0.928956
-0.85019
0.272406
0.408822
0.863952
-0.604275
0.166403
-0.48074
0.954046
-0.919045
-0.939605
-0.935638
0.997901
-0.937528
0.942267
0.792781
-0.544314
0.861945
-0.873046
0.724693
-0.147613
-0.302646
-0.816636
-0.195319
0.982631
0.814017
0.650197
0.524887
-0.512088
0.204
0.904346
-0.331985
0.884216
-0.823098
-0.35077
0.762299
0.994099
-0.875799
0.0880573
0.901636
-0.0026525
0.0979691
-0.313211
-0.601667
-0.365666
-0.109825
0.69112
-0.293965
-0.959962
0.671587
0.539286
-0.0170602
-0.963142
0.127933
0.964635
0.934196
-0.453022
0.999669
-0.235661
0.658887
-0.996958
-0.402404
-0.893598
0.481969
-0.873329
-0.937298
-0.424361
-0.545618
0.65588
0.831053
0.394317
0.935301
-0.549346
-0.273929
-0.4851
-0.849016
0.999849
0.961088
-0.831323
-0.163582
0.282272
-0.989585
0.111352
-0.991353
0.999107
0.097489
-0.859954
0.568449
-0.402816
0.989088
-0.964923
-0.248349
0.0985027
0.96926
0.811113
0.919836
-0.379929
0.700978
0.631751
0.904525
0.0506761
-0.928667
0.513444
-0.934054
-0.994047
-0.992362
0.953178
0.130415
-0.984537
-0.66187
0.965778
-0.477306
-0.989899
0.82992
-0.0564005
-0.140549
-0.745099
-0.948183
-0.617043
0.94953
-0.928772
-0.999123
-0.865384
-0.474255
-0.614745
-0.53939
0.180487
0.575793
-0.819011
-0.878237
-0.999185
-0.466003
0.990771
0.917214
0.150232
-0.999915
-0.991999
-0.849867
0.0595025
0.818678
0.658497
0.992994
0.387725
0.999337
-0.999904
0.94537
0.237117
0.998218
0.943541
0.365254
-0.0925093
0.422449
-0.139451
0.970839
-0.966155
-0.565347
0.987159
0.782905
-0.999944
-0.990063
-0.993311
-0.622343
0.492991
-0.994789
-0.988549
-0.326241
0.845039
-0.400009
-0.971066
-0.740874
-0.295335
-0.99611
-0.816201
-0.461911
0.0498338
0.913433
-0.450987
-0.991909
-0.392544
0.828101
0.165607
0.159789
0.934516
0.364655
-0.965314
0.992848
0.950109
0.594944
-0.276776
0.834093
0.87547
0.984585
-0.859324
-0.220597
0.894695
-0.994364
-0.320704
0.999988
0.949385
0.416258
0.145132
-0.90293
-0.375018
-0.985524
0.975376
-0.936235
-0.860481
-0.52937
-0.412883
0.0977827
0.531295
0.971841
0.705382
0.36103
-0.679274
-0.694859
0.828521
0.931629
-0.616635
0.999999
0.528459
-0.636029
-0.773321
0.312307
0.624305
0.623785
0.925817
0.345902
0.951927
-0.921924
-0.98679
0.98837
-0.963279
-0.308398
0.883984
-0.314256
0.998118
0.0195979
0.0697194
-0.296428
-0.999724
0.96325
0.515537
0.644562
-0.409814
0.992481
0.525904
-0.543057
-0.367138
0.890928
-0.157042
0.999812
0.497006
-0.97265
0.996474
0.994706
0.786472
-0.148679
0.991738
0.996528
-0.0802048
0.930177
-0.992703
-0.659635
-0.835198
-0.786774
0.0703868
-0.0103846
0.896123
0.0759139
0.388963
0.426738
-0.0337361
0.144507
0.563337
0.992245
0.432813
-0.903596
0.928912
0.26081
-0.92103
-0.723889
0.327369
-0.194287
0.546981
-0.434553
-0.0371158
0.715647
-0.992083
0.0220475
-0.889999
-0.925964
-0.136955
-0.168112
-0.15023
0.998855
0.523518
-0.067187
0.979276
-0.132762
0.799211
0.084705
0.274775
0.800242
0.228137
0.885537
-0.367838
-0.728109
0.664326
-0.90826
0.00831982
-0.436007
-0.677791
0.860433
0.693516
-0.82804
0.240809
0.700852
-0.7414
-0.0893493
0.140334
0.959085
0.0458563
-0.886113
0.296003
-0.836261
0.295737
0.980575
-0.598465
-0.304257
0.767078
0.854424
-0.898616
0.88043
-0.0502395
-0.981791
0.867995
0.784558
0.550494
0.120016
0.254433
0.97137
-0.736228
0.994672
-0.5627
-0.890966
-0.97415
-0.828231
0.344416
0.710361
-0.901179
0.544013
0.996611
0.464766
0.660231
0.998961
0.151667
0.0302276
-0.61834
0.978101
0.987564
-0.465836
-0.212826
0.72052
0.423492
0.248271
0.998569
0.633579
-0.271452
0.309727
-0.989519
-0.573201
-0.936749
0.841634
-0.988063
-0.992151
-0.910889
0.974985
0.633585
0.932133
0.904692
0.829699
0.871525
-0.667861
0.588575
-0.999332
0.804242
-0.522022
-0.889816
0.794489
0.134216
-0.0799029
-0.902056
-0.888915
-0.299919
0.975241
-0.928498
-0.657918
-0.846065
-0.628114
-0.973075
-0.290228
0.52439
0.851357
0.975901
0.89059
-0.632855
-0.922281
0.86422
0.104629
-0.989277
0.88149
0.112142
-0.990462
-0.576481
-0.153492
-0.987314
0.969621
0.826776
0.94197
-0.974117
-0.948677
0.898049
0.398997
-0.986535
-0.527612
-0.549539
-0.943594
-0.415363
-0.926889
0.49706
0.896257
-0.637635
0.507904
-0.0574491
-0.422264
0.999982
0.966367
-0.957214
-0.0869563
0.775069
0.119828
0.994399
-0.299824
0.480585
-0.794916
-0.796224
-0.785662
0.325858
-0.929963
-0.0243467
-0.93411
0.246221
0.942403
-0.657507
-0.997975
0.230272
-0.172133
0.991204
0.971415
0.984684
-0.981521
-0.615336
-0.0938564
0.960642
-0.0919051
-0.882673
-0.987011
-0.132507
-0.113531
0.913716
0.10756
-0.338163
0.981349
-0.814005
-0.812422
-0.691054
0.934756
-0.766519
0.987623
0.786762
-0.921451
-0.868558
-0.0274714
0.829917
-0.407023
0.833691
-0.0602553
0.136537
0.999882
-0.660376
0.809524
-0.998021
-0.5396
0.575173
0.327983
-0.629447
-0.217551
0.987232
-0.864767
0.969901
-0.83293
0.790152
-0.689908
0.687611
0.768061
0.595948
0.998029
-0.331119
-0.19715
0.524222
0.282713
-0.59025
0.215801
0.613395
0.672246
0.792089
0.160624
0.678151
0.82979
0.904595
0.902667
0.988424
0.958818
0.993936
0.467463
0.92583
0.566375
0.626832
-0.988539
-0.754272
0.749574
0.858631
-0.951349
0.691101
0.59546
0.634303
-0.585716
0.557087
-0.970417
-0.380038
-0.112455
-0.115528
-0.814512
0.184735
-0.463927
0.985236
0.922785
0.0543658
-0.376197
-0.897041
0.997091
0.97581
0.54459
0.442257
0.900594
-0.804428
-0.966742
-0.320827
-0.935658
-0.932257
0.0358431
-0.962729
0.550889
0.943113
0.526481
0.939369
0.236897
0.653831
0.677343
-0.43516
-0.915543
0.166935
0.164129
0.065143
0.442433
-0.168061
-0.995703
0.874659
-0.621823
-0.747426
0.721759
-0.643131
0.836982
0.0614156
-0.626406
0.541724
-0.148035
-0.234254
0.973279
0.00599791
0.648474
0.203685
0.0541732
0.883915
0.422736
0.874636
0.0318316
-0.116889
-0.573523
0.975734
0.749346
-0.729379
-0.777003
0.31095
0.157361
-0.351277
-0.0723741
0.855416
0.887595
0.626265
0.60191
-0.523589
0.938691
-0.206242
-0.910434
0.956304
0.816872
-0.131823
-0.957691
0.886821
0.672444
0.241374
-0.492227
-0.751173
-0.199121
0.914803
-0.429759
-0.572719
0.808683
-0.0013589
-0.0941381
-0.36883
0.754639
-0.95201
0.967857
0.482677
0.90426
0.98272
0.257095
0.442494
-0.631599
0.915608
-0.356698
0.889355
0.0629471
-0.933561
-0.360966
-0.773052
-0.588969
-0.972899
0.912607
-0.826692
-0.755458
0.962062
-0.999775
0.166696
0.990991
-0.944493
-0.783944
0.0571821
0.989271
0.987409
0.70847
-0.547982
-0.065712
-0.761808
0.287706
-0.97417
0.994689
0.840281
0.946231
-0.288131
0.889773
0.723064
-0.875172
0.427911
-0.428015
-0.777565
0.518475
-0.550983
-0.992976
-0.973257
-0.466699
-0.988212
-0.81174
0.797138
0.841875
-0.171662
-0.097221
0.118016
-0.878587
-0.698557
0.0819156
0.998966
0.789571
0.144238
-0.934648
0.974703
-0.0519641
0.0397938
-0.000212078
0.429448
0.143586
-0.99563
-0.320803
-0.599089
-0.999928
0.749676
0.507331
-0.936164
0.979845
-0.981004
-0.747237
-0.99717
0.330928
0.740293
0.845587
-0.930059
0.888918
0.119023
-0.233411
0.992418
0.846431
-0.824672
-0.951154
0.440596
-0.999991
0.999639
0.971905
0.996327
-0.399359
0.840359
-0.782849
-0.717046
0.24564
-0.0983565
0.528389
-0.908929
0.334765
0.262441
-0.456793
-0.914103
-0.0100426
-0.720791
-0.623875
-0.962073
-0.0168151
0.269626
-0.9636
-0.578085
0.974375
-0.991863
0.475434
0.876364
-0.94518
0.852414
0.619846
0.710407
-0.944107
0.557601
-0.673084
-0.324797
0.0404589
0.97653
-0.114197
-0.881237
0.977342
-0.993056
-0.415498
0.625848
0.96707
-0.24828
-0.693284
-0.76878
0.158845
-0.584573
0.991777
0.9189
-0.423077
-0.999988
-0.974617
0.502352
-0.553411
0.483725
0.955858
0.762491
-0.347612
-0.551083
0.876209
0.927167
0.259869
0.381683
-0.417959
-0.129251
0.957736
0.224875
-0.744524
0.975011
-0.766599
0.50383
-0.959217
-0.816272
-0.192578
-0.0629599
0.417103
0.999997
0.93718
0.724446
0.719351
0.348848
-0.79426
-0.241806
0.960894
0.999881
0.613462
0.445429
0.838879
-0.586943
-0.974161
-0.75719
-0.983509
-0.375526
0.998548
0.999912
-0.995456
-0.913966
0.520439
-0.999214
-0.914713
-0.306047
-0.913813
0.403483
-0.2414
-0.111304
-0.821178
-0.414529
-0.947319
0.315319
0.997554
0.797713
0.573111
-0.944755
0.879757
-0.767762
0.656946
0.755336
-0.901879
0.522368
-0.246111
0.973673
0.780955
0.435188
0.974796
-0.700021
0.793912
-0.2875
-0.114258
0.663963
0.677457
-0.0939218
0.656379
0.975491
-0.94365
0.296272
0.851467
0.94303
-0.309201
-0.514467
-0.933979
0.645488
0.745583
-0.999966
-0.750153
-0.970853
0.596407
-0.725327
-0.501352
-0.115551
-0.455979
0.422607
0.774694
-0.923093
0.907904
-0.131004
-0.241464
-0.506782
-0.612737
0.40077
0.997251
-0.56617
-0.484174
-0.965785
0.402798
0.475444
0.386853
-0.247044
0.81704
0.769441
0.774464
-0.503514
0.260344
-0.358472
-0.768304
-0.465108
0.901079
0.978648
0.867533
0.716419
0.125766
0.655846
-0.28995
-0.982127
0.98725
-0.608963
0.252582
-0.984358
-0.913707
-0.999951
-0.249033
-0.665002
-0.623824
0.962576
0.999331
0.710783
0.993055
0.898728
0.299042
-0.982147
0.968999
-0.93784
0.0459944
0.902073
-0.947602
0.998252
0.250739
0.317839
-0.439231
-0.731315
-0.986523
0.958179
0.999072
0.976108
-0.486693
-0.196412
0.521894
-0.175349
0.265861
-0.876426
-0.906473
-0.194268
0.217301
0.920232
-0.394724
0.794382
0.353312
-0.994149
-0.966433
-0.811348
0.978682
-0.88229
0.941903
0.713498
-0.99984
0.984402
-0.474123
-0.902434
-0.584649
-0.0852448
0.342673
0.617577
-0.994299
-0.615455
-0.710914
0.655753
0.237677
0.229573
0.505323
-0.999375
0.289414
0.278165
-0.564299
-0.999022
0.979767
-0.397734
-0.965054
0.905309
-0.223499
-0.807635
0.893039
-0.966372
0.277737
-0.914765
-0.835288
-0.739295
-0.0874951
0.270276
-0.750679
0.0806176
-0.939444
0.679086
0.947688
-0.0856661
0.998442
0.999035
0.971944
-0.670032
-0.515541
-0.77967
-0.822963
0.59235
-0.0646519
0.0550053
-0.729023
0.696316
0.61949
0.296946
-0.393613
0.830772
0.815793
0.991262
-0.948493
-0.178777
-0.522187
0.299786
0.915744
0.358051
-0.641978
-0.977373
0.234868
-0.944049
-0.509432
0.0358595
-0.713896
-0.320615
-0.721775
0.89004
-0.507218
-0.594394
0.695612
0.270556
0.999476
-0.642435
0.934004
-0.696288
0.225432
-0.784135
0.283365
-0.660343
-0.639927
0.995257
-0.778245
0.818553
-0.68266
-0.35839
-0.696662
0.795159
0.763988
-0.803477
-0.740822
-0.670863
-0.508964
-0.975618
0.906777
0.773978
-0.737139
-0.621238
-0.959528
-0.976418
0.206971
-0.775928
0.98254
-0.868695
-0.986189
0.9838
0.854546
0.0621348
0.998137
0.998342
0.553989
0.224291
0.0632964
0.790137
0.483922
0.440076
-0.735693
0.993494
-0.774741
0.928249
-0.340984
-0.441433
0.83518
0.850945
-0.93918
-0.963518
0.979928
0.419386
0.866397
-0.891148
0.112752
0.378844
0.389638
-0.358441
0.783853
-0.157306
0.556288
-0.822883
-0.846208
0.929011
0.235093
-0.277387
-0.879331
0.477649
0.106758
-0.169049
-0.269705
0.654718
-0.995967
0.699528
0.143316
-0.783131
-0.353679
0.975551
-0.123057
-0.439838
0.12953
-0.811235
0.752977
0.92848
0.972785
0.990246
0.838742
-0.875738
-0.625121
0.405779
-0.680632
-0.832975
-0.83875
0.916303
0.728245
0.969121
-0.792756
-0.895998
-0.930701
-0.211413
-0.0717325
-0.199076
-0.0235363
-0.243358
0.947792
0.701744
-0.098084
0.57335
-0.548191
-0.981381
-0.971495
0.972351
-0.96822
-0.158938
-0.845255
-0.59862
-0.999839
-0.786409
0.613172
0.777992
0.643806
-0.447746
0.939585
-0.833715
-0.58097
-0.946772
0.114964
-0.968672
0.835655
0.99996
-0.941925
0.878875
-0.792829
0.953889
-0.921168
-0.389141
-0.0231489
-0.169005
-0.0664156
-0.929677
0.805462
0.479921
-0.884492
0.786175
-0.996645
-0.897367
-0.261907
0.707042
-0.656105
0.305569
0.217223
0.365609
0.781922
0.542566
0.373227
-0.532166
0.997038
-0.62008
-0.922474
-0.47789
0.167974
-0.971272
0.980752
-0.202203
0.982311
0.345139
0.999525
0.347397
0.918754
-0.355314
-0.0615515
0.759406
-0.851999
0.803108
0.608279
-0.636653
0.630021
0.896415
0.499482
0.923273
-0.916411
-0.850162
-0.664633
-0.456275
-0.0348303
-0.584879
-0.371031
0.96975
0.419408
-0.400824
-0.969798
-0.626865
-0.784316
0.335442
-0.949621
0.143768
0.278463
-0.815514
-0.70408
0.88805
0.339958
0.192341
0.8779
0.984615
0.151191
-0.999969
0.399531
0.861079
-0.829072
-0.964531
-0.951151
-0.850258
0.904568
-0.193252
-0.859356
-0.539552
0.782998
-0.953225
-0.445155
-0.142825
-0.520073
-0.363573
0.231244
-0.518899
0.890972
-0.845555
-0.12136
0.239533
0.419139
-0.946963
-0.595867
0.992533
0.993776
0.880633
0.485118
-0.338898
-0.97541
-0.199809
0.190327
0.0902668
-0.442514
-0.632749
-0.743269
0.996943
0.718361
0.0435587
-0.313292
-0.702634
0.905514
0.56266
0.69016
-0.364577
-0.855983
-0.896052
-0.895947
0.846917
-0.0923675
0.410633
0.781102
-0.901298
-0.747013
0.548516
-0.592509
0.998943
-0.875262
-0.270078
0.44012
0.990176
-0.843628
-0.440136
-0.973443
0.670182
-0.459275
0.602398
0.31448
-0.341687
-0.521328
0.528367
-0.190888
0.219782
-0.433653
0.952114
0.490858
-0.229502
-0.752479
-0.823572
-0.22857
-0.0866127
-0.996574
-0.0527663
0.206007
0.0705248
-0.713601
0.796357
0.402642
-0.490478
0.570461
0.898846
0.172877
0.951006
0.744905
0.999962
-0.985673
0.998596
0.80375
-0.777891
0.957469
0.723964
-0.0969047
0.680091
0.259035
-0.018679
-0.201272
-0.151302
0.186039
-0.989495
0.49707
0.685453
0.998237
0.311741
0.854004
-0.873747
0.691155
-0.0855717
-0.581348
-0.663574
-0.968293
-0.201105
0.610302
-0.516027
0.834291
0.960236
0.985544
-0.00175691
0.166253
-0.812724
-0.913242
0.999905
0.0723284
-0.51971
0.997335
0.565366
-0.125875
0.903827
0.964092
-0.453438
0.0170527
-0.57774
0.567597
-0.550825
0.345037
-0.529204
-0.468079
-0.886653
0.998023
-0.653252
-0.94603
0.998797
-0.613842
-0.935614
0.86924
-0.01435
0.662849
0.659658
-0.644021
0.389325
0.913114
0.353614
0.0537185
-0.999955
-0.989706
0.956856
-0.699581
0.245506
-0.35775
0.998238
0.476667
-0.801927
0.413379
-0.740882
-0.0529403
-0.706364
0.992715
0.141009
-0.223952
-0.297582
0.00340429
-0.912346
-0.0168672
0.775408
0.429768
0.916567
-0.945735
-0.711583
0.946411
0.999744
0.374557
-0.941491
-0.759165
-0.927992
-0.945311
0.926389
-0.802058
0.789185
0.0776242
-0.553744
0.625502
0.791386
0.845483
0.345256
-0.490974
0.979642
-0.312859
0.0619289
0.124839
-0.242485
0.648675
-0.932959
0.36048
-0.356888
-0.971358
-0.999458
0.530474
-0.275933
0.998419
0.984159
0.414899
-0.800921
0.989142
0.640882
-0.325233
0.981785
-0.806051
-0.977956
0.951473
0.206832
0.600396
0.145342
0.655007
-0.921141
-0.28107
-0.96028
-0.380026
-0.169634
0.11148
0.952117
-0.524509
-0.98732
-0.486698
0.571635
0.900498
0.977098
-0.0434503
0.159044
0.0514001
0.115163
0.853651
-0.873546
-0.518171
-0.412263
-0.329321
-0.914082
0.726557
-0.361941
0.855361
0.837946
0.91776
-0.484476
-0.941646
-0.973306
0.348489
-0.757937
0.888858
-0.755419
-0.218817
-0.973473
0.0843043
0.863936
-0.807622
-0.333493
0.0438345
0.878147
-0.27067
0.65046
-0.508126
-0.373377
-0.576069
0.616999
0.0360307
-0.634309
0.624551
0.528852
0.497051
-0.91521
0.531771
-0.727981
-0.203765
-0.997753
0.607918
-0.935819
0.792183
-0.727506
0.269753
-0.753243
-0.877631
-0.0634145
0.653583
-0.936605
0.274286
0.813345
-0.990595
-0.805192
0.718775
0.763746
0.984968
-0.9907
0.0403893
0.652883
-0.845939
-0.612119
0.980058
-0.99539
0.334549
0.149201
-0.705671
-0.993792
0.225411
0.911016
0.954393
-0.044059
0.609802
-0.29843
0.566761
0.988642
-0.829981
-0.520185
0.862852
0.425377
0.853952
-0.982475
0.985469
0.773497
0.937957
-0.990108
0.988066
0.254057
0.532713
0.875461
-0.278703
-0.896134
-0.999162
0.718927
-0.909285
-0.129888
0.487478
-0.878534
0.999712
0.348845
0.729193
0.994783
0.536579
0.94141
-0.867508
-0.956581
-0.909077
-0.987987
-0.577357
-0.862724
0.693534
0.824636
0.638713
0.352553
0.995027
-0.567048
0.857221
-0.70917
0.684981
0.967422
0.860772
-0.926033
0.126289
0.956954
-0.674155
-0.56316
0.977146
-0.60887
-0.999064
0.580074
-0.848217
0.105653
-0.912249
-0.292911
0.996287
0.418641
-0.985713
-0.909174
0.94293
0.758346
0.851704
0.565595
-0.532019
-0.282082
0.792197
-0.282212
0.128833
0.627625
0.795105
-0.755527
0.92967
0.590351
0.764063
0.606294
0.0555476
-0.0197824
0.69629
-0.894907
-0.713781
0.154826
0.579782
-0.975979
0.225583
-0.559361
0.680493
-0.306394
0.950386
-0.536157
0.101714
-0.896586
-0.315921
0.664721
0.137721
0.83876
-0.981918
0.859674
-0.363483
-0.834072
-0.386112
0.21958
-0.59428
0.0342372
0.943168
-0.717937
-0.621492
-0.141753
0.999703
0.839953
-0.952111
0.805501
-0.25607
0.933516
0.92998
0.412032
0.603809
-0.511797
-0.654111
0.530347
-0.99999
0.159991
-0.41934
0.262149
0.727235
0.431909
-0.880632
-0.937291
-0.9866
0.490871
0.986282
-0.172866
-0.137261
0.687042
0.920585
-0.782669
0.890931
0.348362
-0.378927
0.838238
0.995208
-0.787847
-0.999941
-0.356389
-0.976547
-0.409163
0.666374
-0.0398566
0.556771
0.969677
-0.982188
0.130269
-0.726844
-0.482891
-0.142177
-0.774767
-0.999688
-0.761367
0.419781
-0.561223
-0.481262
-0.913746
0.957197
0.998096
-0.952206
0.650485
0.367135
0.440177
0.983577
-0.999327
0.0340222
-0.62691
0.432075
-0.9897
-0.828108
0.82501
-0.613868
-0.984455
-0.95516
0.476464
0.871177
0.445359
0.602637
0.0790052
0.480753
-0.946591
-0.0637
-0.992534
0.763332
0.92944
-0.0451766
0.423971
-0.948175
0.508802
-0.561069
-0.731571
-0.79545
0.266264
0.87179
-0.494464
-0.998452
-0.98589
0.706385
0.271312
0.299788
0.272655
-0.732249
0.65222
0.982768
0.304086
0.955593
-0.0292507
-0.799047
-0.865413
-0.853943
-0.38387
-0.33568
0.818064
0.725758
-0.788475
0.999833
0.996286
-0.920773
0.993748
-0.969625
0.349792
0.821768
0.929289
0.576545
-0.995217
0.84542
-0.168608
-0.860935
-0.655625
-0.226219
0.832438
0.516785
0.963212
0.948433
0.284035
0.78456
0.208909
0.612838
0.383618
-0.787756
-0.983731
0.963739
0.627328
0.729278
-0.96346
0.999797
0.875115
0.188531
-0.999982
-0.603029
0.745805
0.865235
-0.953236
-0.715776
-0.0720439
-0.67651
-0.0194266
0.9962
0.914548
-0.957081
0.166242
0.714439
-0.0458232
0.0192313
-0.935579
0.878452
0.0529257
-0.645669
0.106635
0.982562
0.14561
-0.95037
0.998693
-0.73895
-0.414801
-0.998952
0.0785457
0.852647
-0.166998
0.190029
0.941289
0.693032
0.683291
-0.90849
0.910733
-0.992063
0.876795
-0.773575
-0.119974
0.90403
0.420303
-0.74569
-0.999836
0.975813
0.135572
-0.933698
-0.0511224
0.827189
-0.97388
-0.996262
0.97754
0.735497
-0.148689
0.970354
-0.664402
-0.999107
0.825106
0.887579
-0.200321
0.965578
-0.688826
-0.968871
-0.351989
-0.895884
0.9103
0.61251
-0.120203
0.980183
-0.385333
-0.660216
-0.635211
-0.933408
-0.996399
-0.746303
-0.20913
0.921992
-0.80616
-0.906028
0.173761
0.45177
0.885923
0.431194
-0.827637
-0.7389
-0.170808
0.0450735
-0.319
-0.627619
0.261227
0.391371
0.194581
0.0166355
-0.742111
-0.734568
0.14962
-0.735686
0.177138
-0.417497
-0.864499
0.775348
0.955796
0.394464
-0.249039
-0.993718
-0.978369
-0.78388
0.737677
0.979883
0.951613
0.959299
-0.517838
-0.228057
0.995385
-0.889458
0.123284
0.904617
0.702905
0.891812
0.446462
0.980063
-0.920158
-0.697889
0.159118
-0.837013
0.932077
0.459201
0.0454644
0.957607
-0.404891
-0.262416
0.97092
0.16803
-0.999848
0.724594
0.867064
0.738584
-0.933341
0.931791
-0.82188
-0.85563
-0.631236
-0.282239
-0.859359
-0.946676
0.561615
-0.873192
-0.93989
-0.840256
0.880922
0.272934
0.999999
-0.423298
-0.76487
0.869292
0.304346
0.113366
-0.935242
0.364225
-0.422719
-0.710316
0.903356
-0.237
-0.981221
0.564965
-0.687737
-0.98496
-0.534198
0.911953
-0.672122
-0.795572
0.946558
0.227034
-0.716033
-0.971289
-0.0246434
-0.991903
-0.928349
-0.351123
-0.944665
0.128238
-0.998756
0.934507
0.99306
-0.959812
-0.585902
-0.624551
0.622975
0.662311
0.443652
0.700803
0.986765
0.591856
-0.590189
-0.343401
-0.892086
-0.752166
-0.994306
0.997009
-0.618767
0.210554
0.803101
-0.299582
0.87422
-0.334727
-0.921887
-0.957276
0.781873
-0.804105
-0.304215
0.0473763
0.999999
0.957127
0.987082
-0.672156
-0.0422425
-0.706672
-0.483626
-0.100334
0.583344
0.462642
0.472942
0.867854
0.967718
-0.105149
0.343366
0.750101
-0.696417
0.680249
0.205354
-0.33204
-0.231571
-0.311153
0.853397
-0.0184295
0.48683
-0.54171
-0.234523
-0.970445
0.751823
-0.985184
0.676573
-0.809225
-0.157094
0.149523
-0.195481
0.932242
-0.982305
0.117848
0.348568
-0.69329
-0.631812
-0.588513
0.327646
-0.704702
0.988134
0.85031
-0.602025
0.94514
-0.561696
-0.955757
0.143326
-0.959964
-0.998074
-0.970968
0.979865
-0.980719
-0.997038
0.740024
0.437074
0.558118
0.551568
0.131283
0.107069
-0.901011
0.959802
0.824753
-0.993904
-0.894655
-0.970059
-0.979947
0.890831
0.734001
-0.303349
0.447334
0.902962
0.698238
-0.948778
0.0835451
0.833684
-0.710463
-0.451432
0.513889
0.626154
-0.909965
0.973694
0.999775
-0.995533
-0.191141
-0.998861
0.999685
0.845997
0.399715
-0.224165
-0.92382
-0.353942
0.928616
-0.981014
0.854095
-0.309864
-0.422582
-0.300278
0.995888
0.0064395
-0.947459
0.95887
-0.692447
0.986456
-0.754179
-0.550618
0.114612
-0.856444
0.447458
0.463186
-0.89179
0.964492
0.738802
0.21593
0.868233
0.564765
0.124077
-0.447098
-0.990812
-0.410489
0.619819
0.737027
0.0510959
-0.290059
0.718357
0.548691
-0.983076
-0.997057
0.222955
-0.270636
-0.310447
-0.8469
-0.8353
-0.0798031
-0.277822
0.37909
0.919231
0.89376
