# DISTANCE:     AVE_GOFR:        ERROR:
   0.0128248           0           0
   0.0384745           0           0
   0.0641241           0           0
   0.0897737           0           0
    0.115423           0           0
    0.141073           0           0
    0.166723           0           0
    0.192372           0           0
    0.218022           0           0
    0.243672           0           0
    0.269321           0           0
    0.294971           0           0
     0.32062           0           0
     0.34627           0           0
     0.37192           0           0
    0.397569           0           0
    0.423219           0           0
    0.448869           0           0
    0.474518           0           0
    0.500168           0           0
    0.525818           0           0
    0.551467           0           0
    0.577117           0           0
    0.602767           0           0
    0.628416           0           0
    0.654066           0           0
    0.679715           0           0
    0.705365           0           0
    0.731015           0           0
    0.756664           0           0
    0.782314           0           0
    0.807964           0           0
    0.833613           0           0
    0.859263           0           0
    0.884913  0.00204939           0
    0.910562   0.0246773           0
    0.936212    0.153365           0
    0.961861    0.546712           0
    0.987511     1.14655           0
     1.01316     1.82294           0
     1.03881     2.27526           0
     1.06446     2.47355           0
     1.09011     2.48603           0
     1.11576     2.34585           0
     1.14141     2.15375           0
     1.16706     1.91801           0
     1.19271     1.71613           0
     1.21836     1.53043           0
     1.24401     1.36702           0
     1.26966      1.2224           0
     1.29531     1.11693           0
     1.32096     1.01012           0
     1.34661     0.93467           0
     1.37226    0.850924           0
     1.39791    0.815681           0
     1.42355    0.772887           0
      1.4492    0.735608           0
     1.47485    0.702123           0
      1.5005    0.684482           0
     1.52615    0.673212           0
      1.5518    0.661192           0
     1.57745    0.659133           0
      1.6031    0.663526           0
     1.62875    0.673107           0
      1.6544    0.679102           0
     1.68005    0.700341           0
      1.7057    0.729514           0
     1.73135    0.763479           0
       1.757    0.801511           0
     1.78265    0.837252           0
      1.8083    0.883365           0
     1.83395    0.930212           0
      1.8596    0.968094           0
     1.88525     1.00464           0
      1.9109     1.04485           0
     1.93655     1.06943           0
      1.9622     1.11444           0
     1.98785     1.13347           0
      2.0135     1.16163           0
     2.03915     1.18085           0
      2.0648     1.19747           0
     2.09045     1.19497           0
      2.1161     1.18861           0
     2.14174     1.18113           0
     2.16739     1.16211           0
     2.19304     1.14104           0
     2.21869     1.11648           0
     2.24434     1.09732           0
     2.26999     1.06092           0
     2.29564     1.03354           0
     2.32129     1.01364           0
     2.34694     0.99263           0
     2.37259    0.961137           0
     2.39824    0.941506           0
     2.42389    0.929652           0
     2.44954    0.908561           0
     2.47519    0.902495           0
     2.50084    0.888438           0
     2.52649    0.873844           0
     2.55214    0.877157           0
   0.0128248           0           0
   0.0384745           0           0
   0.0641241           0           0
   0.0897737           0           0
    0.115423           0           0
    0.141073           0           0
    0.166723           0           0
    0.192372           0           0
    0.218022           0           0
    0.243672           0           0
    0.269321           0           0
    0.294971           0           0
     0.32062           0           0
     0.34627           0           0
     0.37192           0           0
    0.397569           0           0
    0.423219           0           0
    0.448869           0           0
    0.474518           0           0
    0.500168           0           0
    0.525818           0           0
    0.551467           0           0
    0.577117           0           0
    0.602767           0           0
    0.628416           0           0
    0.654066           0           0
    0.679715           0           0
    0.705365           0           0
    0.731015           0           0
    0.756664           0           0
    0.782314           0           0
    0.807964           0           0
    0.833613           0           0
    0.859263 2.36055e-05 1.66916e-05
    0.884913  0.00155932 0.000346533
    0.910562   0.0241088 0.000401993
    0.936212    0.158248  0.00345322
    0.961861      0.5435  0.00227166
    0.987511      1.1621    0.010999
     1.01316     1.81994  0.00212255
     1.03881     2.27375  0.00106753
     1.06446     2.48254  0.00635543
     1.09011     2.48068  0.00378824
     1.11576     2.34368  0.00153491
     1.14141     2.14509  0.00612711
     1.16706     1.92179  0.00267191
     1.19271     1.71743 0.000925937
     1.21836     1.52844  0.00140701
     1.24401     1.36761 0.000417911
     1.26966     1.22801  0.00396731
     1.29531     1.11205  0.00344974
     1.32096     1.00362  0.00459572
     1.34661    0.932348   0.0016418
     1.37226    0.857091  0.00436087
     1.39791    0.809267  0.00453544
     1.42355     0.77582  0.00207362
      1.4492     0.73796  0.00166297
     1.47485    0.704037  0.00135373
      1.5005    0.684584 7.20637e-05
     1.52615    0.674721  0.00106667
      1.5518    0.666781   0.0039516
     1.57745    0.665757  0.00468356
      1.6031    0.667383  0.00272747
     1.62875    0.674893  0.00126256
      1.6544    0.685071  0.00422012
     1.68005    0.706305  0.00421724
      1.7057    0.735702    0.004376
     1.73135    0.766684  0.00226601
       1.757    0.799723  0.00126455
     1.78265    0.832479  0.00337493
      1.8083    0.878076  0.00373989
     1.83395    0.914825   0.0108804
      1.8596    0.955666   0.0087883
     1.88525    0.993292  0.00802381
      1.9109     1.03693  0.00559859
     1.93655     1.06661  0.00199782
      1.9622     1.10648  0.00563049
     1.98785     1.13587  0.00170003
      2.0135     1.16185 0.000154596
     2.03915     1.18101 0.000111559
      2.0648     1.19489  0.00182937
     2.09045     1.19838  0.00241352
      2.1161     1.19229  0.00260501
     2.14174     1.18148 0.000251601
     2.16739     1.16763   0.0038994
     2.19304      1.1451  0.00286737
     2.21869     1.12196  0.00387005
     2.24434     1.09986  0.00179162
     2.26999     1.06588  0.00350805
     2.29564      1.0405  0.00492423
     2.32129     1.01444 0.000561588
     2.34694    0.997318  0.00331491
     2.37259    0.970896  0.00690077
     2.39824    0.946019  0.00319064
     2.42389      0.9283 0.000955749
     2.44954    0.913518  0.00350507
     2.47519     0.90116 0.000943405
     2.50084    0.888277 0.000114527
     2.52649    0.877431  0.00253588
     2.55214    0.874876  0.00161321
   0.0128248           0           0
   0.0384745           0           0
   0.0641241           0           0
   0.0897737           0           0
    0.115423           0           0
    0.141073           0           0
    0.166723           0           0
    0.192372           0           0
    0.218022           0           0
    0.243672           0           0
    0.269321           0           0
    0.294971           0           0
     0.32062           0           0
     0.34627           0           0
     0.37192           0           0
    0.397569           0           0
    0.423219           0           0
    0.448869           0           0
    0.474518           0           0
    0.500168           0           0
    0.525818           0           0
    0.551467           0           0
    0.577117           0           0
    0.602767           0           0
    0.628416           0           0
    0.654066           0           0
    0.679715           0           0
    0.705365           0           0
    0.731015           0           0
    0.756664           0           0
    0.782314           0           0
    0.807964           0           0
    0.833613           0           0
    0.859263  1.5737e-05 1.28492e-05
    0.884913  0.00139596 0.000266761
    0.910562   0.0242421 0.000289269
    0.936212    0.159344  0.00247005
    0.961861    0.547834  0.00384906
    0.987511     1.16878  0.00913877
     1.01316     1.83034  0.00861168
     1.03881     2.27596  0.00194214
     1.06446     2.48754  0.00588189
     1.09011     2.48751  0.00612429
     1.11576     2.33554  0.00672279
     1.14141     2.14241   0.0046346
     1.16706      1.9237  0.00236909
     1.19271     1.71156  0.00483407
     1.21836     1.52205  0.00530576
     1.24401     1.36156  0.00494484
     1.26966     1.22245  0.00525377
     1.29531     1.10308  0.00768238
     1.32096     1.00179  0.00340876
     1.34661    0.930097  0.00213889
     1.37226    0.857887  0.00297891
     1.39791    0.806305  0.00387184
     1.42355    0.771588  0.00372171
      1.4492    0.735816  0.00207252
     1.47485    0.702296  0.00168409
      1.5005    0.687869  0.00268242
     1.52615    0.675365 0.000884563
      1.5518    0.666038  0.00270338
     1.57745    0.666549  0.00318876
      1.6031    0.667101  0.00183282
     1.62875    0.678095   0.0027469
      1.6544    0.691267  0.00578895
     1.68005    0.713242  0.00632359
      1.7057     0.73766  0.00332647
     1.73135    0.768468  0.00209871
       1.757    0.801144  0.00143451
     1.78265    0.830955  0.00257117
      1.8083    0.876573  0.00277896
     1.83395    0.915318  0.00726476
      1.8596    0.955596  0.00585915
     1.88525    0.995171  0.00556482
      1.9109     1.03688  0.00373266
     1.93655     1.06701  0.00137257
      1.9622      1.1078  0.00390589
     1.98785     1.13688  0.00139911
      2.0135     1.16159 0.000235576
     2.03915     1.18321  0.00179685
      2.0648     1.19701  0.00211831
     2.09045     1.19942  0.00181638
      2.1161     1.19538  0.00306103
     2.14174     1.18354  0.00169043
     2.16739     1.16678  0.00268982
     2.19304     1.14247  0.00287696
     2.21869     1.11729  0.00460244
     2.24434     1.09461  0.00444954
     2.26999     1.05931   0.0058512
     2.29564     1.03712  0.00428949
     2.32129     1.01114  0.00271754
     2.34694      0.9905  0.00598958
     2.37259    0.967542  0.00535391
     2.39824    0.942859  0.00334357
     2.42389    0.928307 0.000637192
     2.44954    0.913342  0.00234111
     2.47519    0.904022  0.00241974
     2.50084    0.889143 0.000711728
     2.52649    0.877707  0.00170561
     2.55214       0.879  0.00353511
   0.0128248           0           0
   0.0384745           0           0
   0.0641241           0           0
   0.0897737           0           0
    0.115423           0           0
    0.141073           0           0
    0.166723           0           0
    0.192372           0           0
    0.218022           0           0
    0.243672           0           0
    0.269321           0           0
    0.294971           0           0
     0.32062           0           0
     0.34627           0           0
     0.37192           0           0
    0.397569           0           0
    0.423219           0           0
    0.448869           0           0
    0.474518           0           0
    0.500168           0           0
    0.525818           0           0
    0.551467           0           0
    0.577117           0           0
    0.602767           0           0
    0.628416           0           0
    0.654066           0           0
    0.679715           0           0
    0.705365           0           0
    0.731015           0           0
    0.756664           0           0
    0.782314           0           0
    0.807964           0           0
    0.833613           0           0
    0.859263 1.18028e-05 1.02215e-05
    0.884913  0.00130315 0.000215614
    0.910562   0.0240982 0.000250189
    0.936212    0.158298  0.00206234
    0.961861    0.542923  0.00513971
    0.987511     1.16519  0.00752775
     1.01316     1.82443  0.00824067
     1.03881     2.27237  0.00343571
     1.06446     2.48812  0.00443993
     1.09011     2.48714  0.00460432
     1.11576     2.34604   0.0103967
     1.14141     2.14845  0.00628326
     1.16706     1.93132  0.00683204
     1.19271     1.71741  0.00622801
     1.21836      1.5257  0.00508413
     1.24401       1.366   0.0053376
     1.26966       1.225  0.00452032
     1.29531     1.09904  0.00673743
     1.32096     1.00621  0.00460212
     1.34661    0.928428  0.00215949
     1.37226    0.857494  0.00225997
     1.39791    0.801495  0.00507772
     1.42355    0.770363   0.0029858
      1.4492    0.730754  0.00465121
     1.47485    0.700768  0.00182919
      1.5005    0.686042  0.00255925
     1.52615    0.671533  0.00338417
      1.5518    0.664441    0.002454
     1.57745    0.664716  0.00287035
      1.6031     0.66631  0.00153573
     1.62875    0.675955  0.00277096
      1.6544    0.689046  0.00474863
     1.68005    0.710267  0.00539721
      1.7057    0.734404  0.00376464
     1.73135    0.765111  0.00330607
       1.757    0.797846  0.00305263
     1.78265    0.832499  0.00234643
      1.8083    0.875589  0.00225182
     1.83395     0.91867   0.0061738
      1.8596    0.955346  0.00439969
     1.88525    0.998624  0.00513462
      1.9109     1.04005  0.00391926
     1.93655     1.07443  0.00650183
      1.9622     1.11145  0.00431015
     1.98785     1.14024  0.00309661
      2.0135     1.16512  0.00306043
     2.03915     1.18493  0.00200586
      2.0648     1.20147  0.00417553
     2.09045     1.20191  0.00254961
      2.1161     1.19833  0.00343466
     2.14174     1.18354  0.00126782
     2.16739     1.16497  0.00255436
     2.19304     1.14031  0.00285241
     2.21869     1.11676  0.00348194
     2.24434     1.08893   0.0059455
     2.26999     1.05841  0.00445687
     2.29564     1.03569   0.0034466
     2.32129     1.00899  0.00275821
     2.34694     0.98741  0.00522878
     2.37259    0.965496  0.00438906
     2.39824    0.942557  0.00252134
     2.42389    0.927772 0.000665444
     2.44954    0.912585  0.00187425
     2.47519     0.90248   0.0022532
     2.50084     0.88762  0.00142291
     2.52649    0.877116  0.00137787
     2.55214    0.879187   0.0026563
   0.0128248           0           0
   0.0384745           0           0
   0.0641241           0           0
   0.0897737           0           0
    0.115423           0           0
    0.141073           0           0
    0.166723           0           0
    0.192372           0           0
    0.218022           0           0
    0.243672           0           0
    0.269321           0           0
    0.294971           0           0
     0.32062           0           0
     0.34627           0           0
     0.37192           0           0
    0.397569           0           0
    0.423219           0           0
    0.448869           0           0
    0.474518           0           0
    0.500168           0           0
    0.525818           0           0
    0.551467           0           0
    0.577117           0           0
    0.602767           0           0
    0.628416           0           0
    0.654066           0           0
    0.679715           0           0
    0.705365           0           0
    0.731015           0           0
    0.756664           0           0
    0.782314           0           0
    0.807964           0           0
    0.833613           0           0
    0.859263 9.44221e-06 8.44537e-06
    0.884913  0.00138111 0.000186055
    0.910562    0.023734 0.000382375
    0.936212    0.158707  0.00168987
    0.961861    0.544346  0.00430425
    0.987511     1.16525  0.00602245
     1.01316     1.82351  0.00664362
     1.03881     2.26974  0.00361766
     1.06446     2.48361  0.00537441
     1.09011     2.48465  0.00430362
     1.11576     2.34056  0.00965363
     1.14141     2.14727  0.00513656
     1.16706     1.92878  0.00592008
     1.19271     1.72016  0.00555545
     1.21836     1.52915  0.00510678
     1.24401     1.37055  0.00590209
     1.26966     1.22368  0.00380676
     1.29531     1.09999    0.005456
     1.32096     1.00786  0.00396649
     1.34661    0.929715  0.00207608
     1.37226    0.860223  0.00303749
     1.39791     0.80334  0.00438452
     1.42355    0.769215  0.00260022
      1.4492    0.731657  0.00380776
     1.47485    0.703362  0.00274328
      1.5005     0.68494  0.00227239
     1.52615    0.672597  0.00286958
      1.5518    0.664331  0.00196567
     1.57745    0.663955  0.00239523
      1.6031    0.666785   0.0012998
     1.62875     0.67542  0.00226783
      1.6544    0.689579  0.00382869
     1.68005    0.710861  0.00435025
      1.7057    0.735284  0.00311279
     1.73135      0.7655  0.00266763
       1.757     0.79818  0.00246033
     1.78265    0.832601  0.00187935
      1.8083    0.875767  0.00180849
     1.83395     0.91678  0.00522043
      1.8596    0.952938  0.00412613
     1.88525    0.998685  0.00410805
      1.9109     1.03828  0.00351137
     1.93655     1.07507  0.00523321
      1.9622     1.11242  0.00355515
     1.98785     1.14167  0.00278944
      2.0135     1.16698  0.00295992
     2.03915     1.18487  0.00160541
      2.0648     1.20098  0.00336856
     2.09045     1.20219  0.00205595
      2.1161     1.19723  0.00291703
     2.14174     1.18392   0.0010703
     2.16739     1.16225  0.00317635
     2.19304     1.13999  0.00229963
     2.21869     1.11507  0.00316905
     2.24434      1.0877  0.00488081
     2.26999     1.05762  0.00363436
     2.29564     1.03362  0.00332441
     2.32129      1.0081   0.0023456
     2.34694    0.985756  0.00443693
     2.37259    0.964831  0.00356124
     2.39824    0.942758   0.0020251
     2.42389    0.926697  0.00109949
     2.44954    0.912317  0.00151848
     2.47519     0.90268  0.00181143
     2.50084      0.8882  0.00125084
     2.52649    0.877403  0.00113175
     2.55214    0.880375  0.00237575
   0.0128248           0           0
   0.0384745           0           0
   0.0641241           0           0
   0.0897737           0           0
    0.115423           0           0
    0.141073           0           0
    0.166723           0           0
    0.192372           0           0
    0.218022           0           0
    0.243672           0           0
    0.269321           0           0
    0.294971           0           0
     0.32062           0           0
     0.34627           0           0
     0.37192           0           0
    0.397569           0           0
    0.423219           0           0
    0.448869           0           0
    0.474518           0           0
    0.500168           0           0
    0.525818           0           0
    0.551467           0           0
    0.577117           0           0
    0.602767           0           0
    0.628416           0           0
    0.654066           0           0
    0.679715           0           0
    0.705365           0           0
    0.731015           0           0
    0.756664           0           0
    0.782314           0           0
    0.807964           0           0
    0.833613           0           0
    0.859263  7.8685e-06 7.18293e-06
    0.884913  0.00135141 0.000157398
    0.910562    0.024207 0.000536672
    0.936212    0.159351  0.00152619
    0.961861    0.546208  0.00396927
    0.987511     1.16639  0.00512567
     1.01316     1.82395  0.00555082
     1.03881     2.26848  0.00322871
     1.06446       2.486  0.00498289
     1.09011     2.48277  0.00397787
     1.11576     2.33968  0.00808475
     1.14141     2.14703  0.00428627
     1.16706     1.92873  0.00493357
     1.19271     1.72033  0.00463208
     1.21836     1.53006  0.00433563
     1.24401     1.36898  0.00512296
     1.26966     1.22121  0.00388959
     1.29531     1.09936  0.00458268
     1.32096     1.00709  0.00337875
     1.34661    0.930204  0.00178673
     1.37226     0.85837  0.00304409
     1.39791    0.803703  0.00366884
     1.42355     0.76697  0.00298255
      1.4492    0.731395  0.00318217
     1.47485    0.703767   0.0023157
      1.5005    0.685797  0.00204876
     1.52615    0.673182  0.00245027
      1.5518    0.666118   0.0023118
     1.57745    0.665409  0.00239701
      1.6031    0.667612  0.00132049
     1.62875    0.676161  0.00200709
      1.6544    0.691661  0.00371374
     1.68005    0.710091  0.00369268
      1.7057    0.735362  0.00259496
     1.73135    0.766326  0.00234738
       1.757    0.798733  0.00211158
     1.78265     0.83276  0.00157283
      1.8083    0.877252   0.0020269
     1.83395    0.917346  0.00438098
      1.8596    0.954691  0.00379248
     1.88525    0.998644  0.00342358
      1.9109     1.03829  0.00292616
     1.93655     1.07512  0.00436124
      1.9622      1.1118  0.00301575
     1.98785     1.14159  0.00232583
      2.0135     1.16726  0.00247946
     2.03915     1.18304  0.00214395
      2.0648     1.19977  0.00301751
     2.09045     1.19999  0.00264227
      2.1161     1.19827  0.00260906
     2.14174     1.18389 0.000892454
     2.16739      1.1622  0.00264741
     2.19304     1.13873  0.00223456
     2.21869     1.11436  0.00271936
     2.24434     1.08655  0.00420165
     2.26999     1.05745   0.0030326
     2.29564      1.0328  0.00286794
     2.32129      1.0074  0.00205695
     2.34694    0.984188  0.00396485
     2.37259    0.962405  0.00370281
     2.39824    0.943864  0.00196658
     2.42389    0.926766  0.00091841
     2.44954    0.913044  0.00142898
     2.47519    0.902727  0.00151012
     2.50084    0.889152  0.00135706
     2.52649    0.878819  0.00160035
     2.55214    0.880811  0.00201942
   0.0128248           0           0
   0.0384745           0           0
   0.0641241           0           0
   0.0897737           0           0
    0.115423           0           0
    0.141073           0           0
    0.166723           0           0
    0.192372           0           0
    0.218022           0           0
    0.243672           0           0
    0.269321           0           0
    0.294971           0           0
     0.32062           0           0
     0.34627           0           0
     0.37192           0           0
    0.397569           0           0
    0.423219           0           0
    0.448869           0           0
    0.474518           0           0
    0.500168           0           0
    0.525818           0           0
    0.551467           0           0
    0.577117           0           0
    0.602767           0           0
    0.628416           0           0
    0.654066           0           0
    0.679715           0           0
    0.705365           0           0
    0.731015           0           0
    0.756664           0           0
    0.782314           0           0
    0.807964           0           0
    0.833613           0           0
    0.859263 6.74443e-06 6.24413e-06
    0.884913  0.00128564 0.000148017
    0.910562   0.0241419 0.000463945
    0.936212    0.158587  0.00148719
    0.961861    0.547636  0.00364981
    0.987511     1.16795  0.00462573
     1.01316     1.82338  0.00478787
     1.03881     2.27159  0.00399512
     1.06446     2.48809  0.00469029
     1.09011     2.48477   0.0038825
     1.11576     2.34302  0.00759066
     1.14141     2.15043  0.00484176
     1.16706     1.92845  0.00423706
     1.19271     1.72122  0.00405552
     1.21836     1.52897   0.0038502
     1.24401     1.36702  0.00475331
     1.26966     1.21906  0.00388189
     1.29531     1.09794  0.00414214
     1.32096     1.00594  0.00308574
     1.34661     0.92543  0.00467823
     1.37226    0.856924  0.00293266
     1.39791    0.803623   0.0031456
     1.42355    0.766241  0.00264394
      1.4492    0.730267  0.00292077
     1.47485    0.702609  0.00225562
      1.5005    0.683781  0.00256237
     1.52615    0.671276  0.00274309
      1.5518    0.665639  0.00203066
     1.57745    0.665415  0.00205459
      1.6031    0.668847  0.00160907
     1.62875    0.676697  0.00179063
      1.6544    0.694049  0.00387549
     1.68005    0.712405  0.00382207
      1.7057    0.735709  0.00224738
     1.73135     0.76612  0.00202106
       1.757    0.797736  0.00203162
     1.78265    0.833295  0.00143631
      1.8083     0.87855  0.00211284
     1.83395    0.917164  0.00375891
      1.8596    0.956808  0.00379569
     1.88525    0.999647  0.00307795
      1.9109     1.04013  0.00303103
     1.93655     1.07682  0.00405691
      1.9622     1.11341  0.00298414
     1.98785     1.14383  0.00287733
      2.0135     1.16736  0.00212737
     2.03915     1.18409   0.0020806
      2.0648     1.20047  0.00266589
     2.09045     1.19951  0.00230725
      2.1161     1.19772  0.00229262
     2.14174     1.18197  0.00193187
     2.16739     1.16109  0.00249021
     2.19304     1.13721  0.00237626
     2.21869     1.11279  0.00274574
     2.24434     1.08673  0.00360537
     2.26999     1.05631  0.00280555
     2.29564      1.0312  0.00287274
     2.32129     1.00675  0.00186297
     2.34694    0.982102   0.0039086
     2.37259    0.961674  0.00324521
     2.39824    0.942992  0.00186881
     2.42389    0.926182 0.000954939
     2.44954    0.912444  0.00134485
     2.47519    0.902573  0.00130223
     2.50084    0.888416  0.00134806
     2.52649    0.878921  0.00137495
     2.55214     0.88067  0.00173588
   0.0128248           0           0
   0.0384745           0           0
   0.0641241           0           0
   0.0897737           0           0
    0.115423           0           0
    0.141073           0           0
    0.166723           0           0
    0.192372           0           0
    0.218022           0           0
    0.243672           0           0
    0.269321           0           0
    0.294971           0           0
     0.32062           0           0
     0.34627           0           0
     0.37192           0           0
    0.397569           0           0
    0.423219           0           0
    0.448869           0           0
    0.474518           0           0
    0.500168           0           0
    0.525818           0           0
    0.551467           0           0
    0.577117           0           0
    0.602767           0           0
    0.628416           0           0
    0.654066           0           0
    0.679715           0           0
    0.705365           0           0
    0.731015           0           0
    0.756664           0           0
    0.782314           0           0
    0.807964           0           0
    0.833613           0           0
    0.859263 5.90138e-06 5.52023e-06
    0.884913   0.0012753 0.000129875
    0.910562   0.0240403 0.000416911
    0.936212     0.15927  0.00144954
    0.961861     0.54915  0.00349372
    0.987511     1.17152  0.00524594
     1.01316      1.8275  0.00569787
     1.03881     2.27577  0.00524535
     1.06446     2.49308  0.00621463
     1.09011     2.48425    0.003432
     1.11576      2.3443  0.00674767
     1.14141     2.14736   0.0051207
     1.16706     1.92719  0.00389006
     1.19271     1.71794  0.00468935
     1.21836     1.52587  0.00444595
     1.24401     1.36376  0.00515343
     1.26966     1.21622  0.00431306
     1.29531     1.09676   0.0037881
     1.32096     1.00539  0.00274905
     1.34661    0.925326  0.00409459
     1.37226    0.856817  0.00256802
     1.39791    0.802616  0.00290926
     1.42355    0.765832  0.00234491
      1.4492    0.728585  0.00300113
     1.47485    0.702609  0.00197367
      1.5005    0.683539  0.00225344
     1.52615    0.670838  0.00243497
      1.5518    0.665939  0.00179891
     1.57745    0.664422   0.0020235
      1.6031    0.668122  0.00156291
     1.62875    0.678226    0.002121
      1.6544    0.695281  0.00358155
     1.68005    0.714645  0.00394644
      1.7057    0.738409  0.00320075
     1.73135     0.76756  0.00222325
       1.757    0.800015  0.00277562
     1.78265    0.836022   0.0028433
      1.8083    0.879821  0.00219774
     1.83395    0.918448  0.00350133
      1.8596    0.957614  0.00340584
     1.88525      1.0001  0.00272674
      1.9109     1.04095  0.00276168
     1.93655     1.07563  0.00372106
      1.9622     1.11306  0.00263118
     1.98785     1.14326  0.00257456
      2.0135     1.16751  0.00186658
     2.03915     1.18336   0.0019443
      2.0648     1.19885  0.00277731
     2.09045      1.1974  0.00282743
      2.1161     1.19508  0.00318465
     2.14174     1.18045  0.00221307
     2.16739     1.16007  0.00237785
     2.19304     1.13704  0.00208589
     2.21869     1.11148  0.00270118
     2.24434     1.08511  0.00350015
     2.26999     1.05571  0.00251914
     2.29564     1.03194  0.00260841
     2.32129     1.00583  0.00184297
     2.34694     0.98197  0.00342227
     2.37259      0.9603  0.00311697
     2.39824    0.943477  0.00169684
     2.42389    0.925874 0.000883813
     2.44954    0.912634  0.00119006
     2.47519    0.903713  0.00156078
     2.50084    0.888824  0.00123989
     2.52649    0.879334  0.00126361
     2.55214    0.881221  0.00160413
   0.0128248           0           0
   0.0384745           0           0
   0.0641241           0           0
   0.0897737           0           0
    0.115423           0           0
    0.141073           0           0
    0.166723           0           0
    0.192372           0           0
    0.218022           0           0
    0.243672           0           0
    0.269321           0           0
    0.294971           0           0
     0.32062           0           0
     0.34627           0           0
     0.37192           0           0
    0.397569           0           0
    0.423219           0           0
    0.448869           0           0
    0.474518           0           0
    0.500168           0           0
    0.525818           0           0
    0.551467           0           0
    0.577117           0           0
    0.602767           0           0
    0.628416           0           0
    0.654066           0           0
    0.679715           0           0
    0.705365           0           0
    0.731015           0           0
    0.756664           0           0
    0.782314           0           0
    0.807964           0           0
    0.833613           0           0
    0.859263 5.24567e-06 4.94567e-06
    0.884913  0.00124251 0.000119514
    0.910562   0.0236947 0.000493501
    0.936212    0.159508  0.00130798
    0.961861    0.548564  0.00315426
    0.987511     1.17187  0.00467451
     1.01316     1.82268  0.00680942
     1.03881     2.27454  0.00480513
     1.06446     2.49258  0.00554414
     1.09011     2.48555  0.00328767
     1.11576     2.34692  0.00648617
     1.14141     2.14726  0.00455272
     1.16706     1.92755  0.00347488
     1.19271      1.7183  0.00418218
     1.21836     1.52716  0.00413442
     1.24401     1.36496  0.00471798
     1.26966     1.21679  0.00387128
     1.29531     1.09722  0.00339468
     1.32096     1.00559  0.00245057
     1.34661    0.925305  0.00363969
     1.37226    0.855921    0.002434
     1.39791    0.802995   0.0026106
     1.42355    0.765266  0.00215156
      1.4492    0.727668  0.00280405
     1.47485    0.702238  0.00178897
      1.5005    0.682874  0.00209896
     1.52615    0.670263  0.00223129
      1.5518    0.665625   0.0016262
     1.57745      0.6643  0.00180235
      1.6031    0.668307   0.0014001
     1.62875    0.678058  0.00189194
      1.6544    0.694621  0.00324372
     1.68005     0.71459  0.00350833
      1.7057     0.73851  0.00284669
     1.73135    0.766673  0.00214608
       1.757    0.799514  0.00251206
     1.78265    0.836641  0.00259397
      1.8083    0.879275  0.00202017
     1.83395    0.918201  0.00312095
      1.8596    0.958221    0.003081
     1.88525    0.999478   0.0024945
      1.9109      1.0405  0.00249169
     1.93655     1.07562  0.00330762
      1.9622     1.11355  0.00238389
     1.98785     1.14446  0.00255418
      2.0135     1.16795  0.00171105
     2.03915     1.18437  0.00197113
      2.0648     1.20013  0.00274491
     2.09045     1.19892    0.002893
      2.1161     1.19603  0.00296976
     2.14174     1.18059  0.00197189
     2.16739     1.16115  0.00234687
     2.19304     1.13777  0.00197928
     2.21869     1.11184  0.00242496
     2.24434     1.08486  0.00311991
     2.26999     1.05584  0.00224291
     2.29564     1.03103   0.0024712
     2.32129     1.00488  0.00187071
     2.34694    0.981803  0.00304609
     2.37259    0.959255   0.0029406
     2.39824    0.943147  0.00154008
     2.42389    0.924782  0.00129518
     2.44954    0.911598  0.00143953
     2.47519    0.902633  0.00172105
     2.50084    0.888386    0.001177
     2.52649    0.878518  0.00136141
     2.55214    0.880685  0.00151275
   0.0128248           0           0
   0.0384745           0           0
   0.0641241           0           0
   0.0897737           0           0
    0.115423           0           0
    0.141073           0           0
    0.166723           0           0
    0.192372           0           0
    0.218022           0           0
    0.243672           0           0
    0.269321           0           0
    0.294971           0           0
     0.32062           0           0
     0.34627           0           0
     0.37192           0           0
    0.397569           0           0
    0.423219           0           0
    0.448869           0           0
    0.474518           0           0
    0.500168           0           0
    0.525818           0           0
    0.551467           0           0
    0.577117           0           0
    0.602767           0           0
    0.628416           0           0
    0.654066           0           0
    0.679715           0           0
    0.705365           0           0
    0.731015           0           0
    0.756664           0           0
    0.782314           0           0
    0.807964           0           0
    0.833613           0           0
    0.859263  4.7211e-06 4.47883e-06
    0.884913  0.00119845 0.000115397
    0.910562    0.023755 0.000447827
    0.936212    0.159528  0.00117733
    0.961861    0.547755  0.00294071
    0.987511     1.17088  0.00431045
     1.01316     1.81773   0.0077209
     1.03881     2.27366  0.00440424
     1.06446     2.49158  0.00507961
     1.09011     2.48744  0.00345836
     1.11576     2.34721  0.00584445
     1.14141      2.1504  0.00507047
     1.16706     1.92868  0.00330682
     1.19271     1.71951  0.00393385
     1.21836     1.52743  0.00372965
     1.24401     1.36479   0.0042493
     1.26966     1.21699  0.00348944
     1.29531     1.09766  0.00308404
     1.32096     1.00502   0.0022699
     1.34661    0.925165  0.00327841
     1.37226    0.856432  0.00224359
     1.39791    0.804126  0.00258312
     1.42355    0.765379  0.00193937
      1.4492    0.728578   0.0026672
     1.47485    0.702903  0.00172926
      1.5005    0.683577  0.00200343
     1.52615    0.670315  0.00200878
      1.5518    0.664933  0.00160432
     1.57745    0.662734  0.00219959
      1.6031    0.667193  0.00164423
     1.62875    0.677392  0.00181607
      1.6544    0.694113  0.00295888
     1.68005    0.713864  0.00323169
      1.7057    0.738786  0.00257538
     1.73135    0.766802  0.00193536
       1.757    0.799251  0.00227462
     1.78265    0.836254  0.00236321
      1.8083    0.879751  0.00187342
     1.83395    0.917905  0.00282286
      1.8596    0.957762  0.00280686
     1.88525    0.999096  0.00227409
      1.9109     1.03988  0.00231872
     1.93655     1.07512  0.00301482
      1.9622     1.11269  0.00229556
     1.98785     1.14361  0.00243514
      2.0135     1.16755   0.0015864
     2.03915     1.18454  0.00178176
      2.0648     1.20036  0.00248035
     2.09045     1.19958  0.00267913
      2.1161     1.19621  0.00267787
     2.14174     1.18277  0.00272361
     2.16739     1.16276  0.00260548
     2.19304     1.13793  0.00178803
     2.21869     1.11367  0.00278959
     2.24434     1.08622  0.00309029
     2.26999     1.05661  0.00214576
     2.29564     1.03153  0.00227374
     2.32129     1.00472  0.00169048
     2.34694    0.981918  0.00274364
     2.37259     0.95978  0.00269303
     2.39824    0.942883  0.00140853
     2.42389    0.924407  0.00121886
     2.44954    0.910933  0.00144102
     2.47519    0.901352  0.00196859
     2.50084    0.887872  0.00116599
     2.52649    0.878289  0.00124429
     2.55214    0.879995  0.00151094
   0.0128248           0           0
   0.0384745           0           0
   0.0641241           0           0
   0.0897737           0           0
    0.115423           0           0
    0.141073           0           0
    0.166723           0           0
    0.192372           0           0
    0.218022           0           0
    0.243672           0           0
    0.269321           0           0
    0.294971           0           0
     0.32062           0           0
     0.34627           0           0
     0.37192           0           0
    0.397569           0           0
    0.423219           0           0
    0.448869           0           0
    0.474518           0           0
    0.500168           0           0
    0.525818           0           0
    0.551467           0           0
    0.577117           0           0
    0.602767           0           0
    0.628416           0           0
    0.654066           0           0
    0.679715           0           0
    0.705365           0           0
    0.731015           0           0
    0.756664           0           0
    0.782314           0           0
    0.807964           0           0
    0.833613           0           0
    0.859263 4.29191e-06 4.09218e-06
    0.884913   0.0011543 0.000113036
    0.910562   0.0234675 0.000490803
    0.936212    0.159261   0.0011001
    0.961861    0.547984   0.0026822
    0.987511      1.1728  0.00432684
     1.01316     1.81915  0.00714894
     1.03881     2.27498  0.00419716
     1.06446     2.49121  0.00463131
     1.09011     2.48623  0.00334692
     1.11576     2.34672  0.00533391
     1.14141     2.14954   0.0046834
     1.16706     1.92777  0.00312997
     1.19271     1.71831  0.00375391
     1.21836     1.52605  0.00363723
     1.24401     1.36327  0.00412684
     1.26966     1.21705  0.00317271
     1.29531     1.09867  0.00296312
     1.32096     1.00549  0.00211111
     1.34661    0.925395  0.00298843
     1.37226    0.856992  0.00210819
     1.39791    0.804534  0.00238021
     1.42355    0.765838  0.00181667
      1.4492    0.728724  0.00242871
     1.47485    0.702897  0.00157207
      1.5005    0.683734  0.00182739
     1.52615     0.66998  0.00185385
      1.5518    0.664682  0.00147793
     1.57745    0.662587  0.00200451
      1.6031     0.66693  0.00151571
     1.62875    0.677535  0.00165653
      1.6544    0.694871  0.00278516
     1.68005    0.714121  0.00294811
      1.7057    0.738887  0.00234323
     1.73135    0.767594  0.00191479
       1.757    0.799968  0.00217798
     1.78265    0.836778  0.00220573
      1.8083    0.880107  0.00173663
     1.83395    0.918618  0.00265475
      1.8596     0.95871  0.00270694
     1.88525     1.00016   0.0023013
      1.9109     1.03993  0.00210854
     1.93655     1.07554  0.00276929
      1.9622       1.112  0.00218999
     1.98785     1.14291  0.00231205
      2.0135      1.1678  0.00146189
     2.03915     1.18406  0.00168446
      2.0648     1.19926  0.00248611
     2.09045     1.19886  0.00253075
      2.1161     1.19545  0.00254002
     2.14174     1.18211  0.00255399
     2.16739     1.16149  0.00266017
     2.19304     1.13698  0.00186254
     2.21869     1.11266  0.00271256
     2.24434     1.08599  0.00281814
     2.26999     1.05655  0.00195155
     2.29564     1.03115  0.00209858
     2.32129     1.00478  0.00153816
     2.34694    0.982319  0.00252336
     2.37259    0.959388  0.00247655
     2.39824    0.942956  0.00128238
     2.42389    0.924838  0.00118187
     2.44954    0.912234  0.00180409
     2.47519     0.90232  0.00201369
     2.50084    0.888479  0.00120739
     2.52649    0.878596  0.00116835
     2.55214    0.880567  0.00147812
   0.0128248           0           0
   0.0384745           0           0
   0.0641241           0           0
   0.0897737           0           0
    0.115423           0           0
    0.141073           0           0
    0.166723           0           0
    0.192372           0           0
    0.218022           0           0
    0.243672           0           0
    0.269321           0           0
    0.294971           0           0
     0.32062           0           0
     0.34627           0           0
     0.37192           0           0
    0.397569           0           0
    0.423219           0           0
    0.448869           0           0
    0.474518           0           0
    0.500168           0           0
    0.525818           0           0
    0.551467           0           0
    0.577117           0           0
    0.602767           0           0
    0.628416           0           0
    0.654066           0           0
    0.679715           0           0
    0.705365           0           0
    0.731015           0           0
    0.756664           0           0
    0.782314           0           0
    0.807964           0           0
    0.833613           0           0
    0.859263 3.93425e-06 3.76676e-06
    0.884913  0.00116578 0.000104197
    0.910562   0.0236596 0.000486028
    0.936212    0.159969  0.00121504
    0.961861    0.548813  0.00258377
    0.987511     1.17453  0.00429902
     1.01316     1.82232  0.00722418
     1.03881     2.27569  0.00390758
     1.06446     2.49237  0.00438721
     1.09011     2.48805  0.00352864
     1.11576     2.34622  0.00491328
     1.14141     2.14792  0.00456265
     1.16706     1.92779  0.00286922
     1.19271     1.71651   0.0038487
     1.21836     1.52504  0.00347166
     1.24401     1.36123  0.00425738
     1.26966     1.21588  0.00311601
     1.29531     1.09769  0.00287494
     1.32096     1.00589  0.00197358
     1.34661    0.924409  0.00289733
     1.37226    0.856573  0.00197357
     1.39791    0.804155  0.00221185
     1.42355    0.764865  0.00190822
      1.4492    0.728382  0.00225024
     1.47485    0.702544  0.00148006
      1.5005    0.683926  0.00168513
     1.52615    0.670066  0.00170136
      1.5518    0.664559   0.0013599
     1.57745    0.663391  0.00199228
      1.6031    0.667975  0.00171249
     1.62875    0.678278  0.00167713
      1.6544    0.695493  0.00262173
     1.68005     0.71456  0.00273488
      1.7057    0.739159  0.00216377
     1.73135    0.768431  0.00192928
       1.757    0.800707  0.00211817
     1.78265    0.837864  0.00227342
      1.8083    0.879995  0.00159551
     1.83395    0.919237  0.00250458
      1.8596    0.958894  0.00248765
     1.88525    0.999912  0.00212246
      1.9109     1.04039  0.00198138
     1.93655     1.07616  0.00260869
      1.9622     1.11154  0.00205445
     1.98785     1.14327   0.0021473
      2.0135     1.16789  0.00134276
     2.03915     1.18384  0.00155748
      2.0648     1.19936  0.00228096
     2.09045      1.1982  0.00240568
      2.1161     1.19458  0.00247196
     2.14174     1.18135  0.00245312
     2.16739     1.16102  0.00247928
     2.19304     1.13626  0.00184115
     2.21869     1.11136  0.00278058
     2.24434     1.08478  0.00283177
     2.26999     1.05612  0.00183538
     2.29564     1.02995  0.00224153
     2.32129     1.00435  0.00147094
     2.34694    0.981444  0.00246006
     2.37259    0.959099  0.00228705
     2.39824    0.942872  0.00117825
     2.42389    0.924979  0.00109177
     2.44954    0.912663  0.00170382
     2.47519    0.902976  0.00194982
     2.50084    0.889452  0.00144704
     2.52649    0.879569  0.00141947
     2.55214    0.881129  0.00145796
   0.0128248           0           0
   0.0384745           0           0
   0.0641241           0           0
   0.0897737           0           0
    0.115423           0           0
    0.141073           0           0
    0.166723           0           0
    0.192372           0           0
    0.218022           0           0
    0.243672           0           0
    0.269321           0           0
    0.294971           0           0
     0.32062           0           0
     0.34627           0           0
     0.37192           0           0
    0.397569           0           0
    0.423219           0           0
    0.448869           0           0
    0.474518           0           0
    0.500168           0           0
    0.525818           0           0
    0.551467           0           0
    0.577117           0           0
    0.602767           0           0
    0.628416           0           0
    0.654066           0           0
    0.679715           0           0
    0.705365           0           0
    0.731015           0           0
    0.756664           0           0
    0.782314           0           0
    0.807964           0           0
    0.833613           0           0
    0.859263 3.63162e-06 3.48915e-06
    0.884913  0.00116521 9.61838e-05
    0.910562   0.0235889 0.000453758
    0.936212     0.16024  0.00115137
    0.961861    0.550797  0.00305317
    0.987511     1.17516  0.00401412
     1.01316     1.81968  0.00713706
     1.03881     2.27656  0.00370334
     1.06446     2.49173  0.00409621
     1.09011     2.48664  0.00352895
     1.11576     2.34707  0.00460862
     1.14141     2.14851  0.00424881
     1.16706     1.92837  0.00270549
     1.19271     1.71539  0.00371324
     1.21836     1.52475  0.00321672
     1.24401     1.36048  0.00399397
     1.26966     1.21745  0.00324517
     1.29531     1.09887   0.0028871
     1.32096     1.00572   0.0018292
     1.34661    0.924518  0.00267651
     1.37226    0.856827  0.00183798
     1.39791    0.803931  0.00205299
     1.42355     0.76473  0.00176622
      1.4492    0.728298   0.0020787
     1.47485    0.702361  0.00137753
      1.5005    0.684135  0.00156844
     1.52615    0.668881  0.00194001
      1.5518    0.664415  0.00126288
     1.57745    0.662774  0.00193221
      1.6031     0.66729  0.00171229
     1.62875    0.677673  0.00165359
      1.6544    0.695073   0.0024535
     1.68005    0.714697  0.00252794
      1.7057    0.738978  0.00200486
     1.73135    0.768677  0.00179655
       1.757    0.801521  0.00210587
     1.78265    0.838305  0.00214095
      1.8083    0.881149  0.00184329
     1.83395    0.919257    0.002312
      1.8596    0.959428  0.00235282
     1.88525     1.00059  0.00206372
      1.9109     1.04066  0.00184772
     1.93655     1.07709  0.00256634
      1.9622     1.11165  0.00189931
     1.98785     1.14309  0.00199019
      2.0135     1.16769  0.00125349
     2.03915     1.18415  0.00146667
      2.0648     1.19853  0.00225235
     2.09045     1.19754  0.00230831
      2.1161     1.19387  0.00238259
     2.14174      1.1813   0.0022649
     2.16739     1.16134  0.00230876
     2.19304     1.13659  0.00172933
     2.21869     1.11178  0.00259854
     2.24434     1.08528  0.00265742
     2.26999     1.05611  0.00169422
     2.29564     1.03029  0.00209405
     2.32129     1.00404  0.00138833
     2.34694    0.981387  0.00227149
     2.37259    0.958596  0.00216571
     2.39824    0.942955  0.00109054
     2.42389    0.924775  0.00102665
     2.44954    0.912415  0.00159065
     2.47519    0.902551  0.00184552
     2.50084    0.888609  0.00156233
     2.52649    0.879385  0.00132212
     2.55214    0.880752   0.0013939
   0.0128248           0           0
   0.0384745           0           0
   0.0641241           0           0
   0.0897737           0           0
    0.115423           0           0
    0.141073           0           0
    0.166723           0           0
    0.192372           0           0
    0.218022           0           0
    0.243672           0           0
    0.269321           0           0
    0.294971           0           0
     0.32062           0           0
     0.34627           0           0
     0.37192           0           0
    0.397569           0           0
    0.423219           0           0
    0.448869           0           0
    0.474518           0           0
    0.500168           0           0
    0.525818           0           0
    0.551467           0           0
    0.577117           0           0
    0.602767           0           0
    0.628416           0           0
    0.654066           0           0
    0.679715           0           0
    0.705365           0           0
    0.731015           0           0
    0.756664           0           0
    0.782314           0           0
    0.807964           0           0
    0.833613           0           0
    0.859263 3.37222e-06 3.24955e-06
    0.884913  0.00117745 9.00889e-05
    0.910562   0.0236636 0.000427457
    0.936212    0.160765  0.00118298
    0.961861    0.550279  0.00287879
    0.987511     1.17256  0.00449408
     1.01316     1.81679  0.00718695
     1.03881     2.27483  0.00382175
     1.06446     2.49202  0.00381394
     1.09011     2.48629  0.00329411
     1.11576     2.34892  0.00463736
     1.14141      2.1492  0.00400138
     1.16706     1.92924  0.00264801
     1.19271     1.71628  0.00355414
     1.21836     1.52654   0.0034493
     1.24401     1.36138  0.00380703
     1.26966     1.21938  0.00354268
     1.29531     1.10164  0.00378276
     1.32096     1.00582  0.00170102
     1.34661    0.925008  0.00252964
     1.37226    0.858324  0.00223457
     1.39791    0.804344  0.00194739
     1.42355    0.764471  0.00165894
      1.4492      0.7278  0.00198921
     1.47485    0.701251  0.00166732
      1.5005    0.683249  0.00168806
     1.52615    0.668299  0.00188667
      1.5518    0.663232  0.00163513
     1.57745    0.661762  0.00204237
      1.6031    0.666014  0.00201036
     1.62875    0.676442  0.00194049
      1.6544    0.694003  0.00250059
     1.68005    0.713698  0.00253694
      1.7057    0.737886  0.00213849
     1.73135     0.76805  0.00177419
       1.757    0.800765  0.00208663
     1.78265    0.838257  0.00198857
      1.8083    0.880931  0.00172451
     1.83395    0.919963  0.00225223
      1.8596    0.960846  0.00257681
     1.88525     1.00162  0.00215836
      1.9109     1.04115  0.00177882
     1.93655     1.07762  0.00243684
      1.9622     1.11286  0.00211488
     1.98785      1.1432  0.00185118
      2.0135     1.16832  0.00131205
     2.03915     1.18444  0.00139086
      2.0648     1.19868  0.00209624
     2.09045     1.19722  0.00216523
      2.1161     1.19395  0.00221402
     2.14174     1.18166  0.00213236
     2.16739     1.16108  0.00215913
     2.19304     1.13716  0.00169513
     2.21869     1.11166  0.00241545
     2.24434     1.08533  0.00246826
     2.26999     1.05682  0.00171454
     2.29564     1.03109  0.00209158
     2.32129     1.00449  0.00135961
     2.34694     0.98125  0.00211337
     2.37259    0.958954   0.0020405
     2.39824    0.942693  0.00104361
     2.42389    0.924678 0.000957853
     2.44954    0.912567  0.00148428
     2.47519    0.902529  0.00171384
     2.50084    0.888696  0.00145314
     2.52649    0.878558  0.00146363
     2.55214    0.879825   0.0015724
   0.0128248           0           0
   0.0384745           0           0
   0.0641241           0           0
   0.0897737           0           0
    0.115423           0           0
    0.141073           0           0
    0.166723           0           0
    0.192372           0           0
    0.218022           0           0
    0.243672           0           0
    0.269321           0           0
    0.294971           0           0
     0.32062           0           0
     0.34627           0           0
     0.37192           0           0
    0.397569           0           0
    0.423219           0           0
    0.448869           0           0
    0.474518           0           0
    0.500168           0           0
    0.525818           0           0
    0.551467           0           0
    0.577117           0           0
    0.602767           0           0
    0.628416           0           0
    0.654066           0           0
    0.679715           0           0
    0.705365           0           0
    0.731015           0           0
    0.756664           0           0
    0.782314           0           0
    0.807964           0           0
    0.833613           0           0
    0.859263  3.1474e-06 3.04068e-06
    0.884913  0.00116429 8.50378e-05
    0.910562   0.0237396  0.00040566
    0.936212    0.160142   0.0012578
    0.961861    0.550855  0.00274391
    0.987511     1.17167   0.0042821
     1.01316     1.81701  0.00671115
     1.03881     2.27505  0.00357323
     1.06446     2.49128  0.00363037
     1.09011     2.48652  0.00308257
     1.11576     2.35046   0.0045759
     1.14141     2.15006  0.00382571
     1.16706      1.9288  0.00250646
     1.19271     1.71715  0.00342262
     1.21836     1.52798  0.00350924
     1.24401     1.36232  0.00366887
     1.26966     1.22081  0.00358329
     1.29531     1.10218  0.00356867
     1.32096     1.00678  0.00184186
     1.34661     0.92488  0.00236423
     1.37226    0.857507  0.00222978
     1.39791    0.803842  0.00188094
     1.42355    0.763154  0.00200429
      1.4492    0.726571  0.00220363
     1.47485    0.700123  0.00190004
      1.5005    0.682074  0.00194201
     1.52615    0.667634  0.00187442
      1.5518    0.662954   0.0015497
     1.57745     0.66108  0.00201676
      1.6031      0.6661  0.00187818
     1.62875    0.676397  0.00181164
      1.6544    0.693749   0.0023468
     1.68005    0.713796  0.00236969
      1.7057    0.737739  0.00200099
     1.73135    0.768366  0.00168369
       1.757    0.800817  0.00194817
     1.78265    0.838616  0.00188817
      1.8083    0.880275   0.0017299
     1.83395    0.919995  0.00210231
      1.8596    0.960836  0.00240504
     1.88525     1.00179  0.00202133
      1.9109     1.04146  0.00168809
     1.93655     1.07783  0.00228345
      1.9622     1.11272  0.00197878
     1.98785     1.14325  0.00172838
      2.0135     1.16889  0.00134166
     2.03915     1.18491  0.00137525
      2.0648     1.19952  0.00211948
     2.09045     1.19811  0.00219679
      2.1161     1.19429  0.00209215
     2.14174     1.18202  0.00201974
     2.16739     1.16169  0.00210121
     2.19304     1.13795  0.00175885
     2.21869      1.1124  0.00236423
     2.24434     1.08587  0.00236171
     2.26999     1.05743  0.00170541
     2.29564     1.03124   0.0019577
     2.32129     1.00422  0.00129622
     2.34694    0.980873  0.00200569
     2.37259    0.958458  0.00196394
     2.39824    0.941257  0.00169575
     2.42389    0.923343  0.00156973
     2.44954    0.912032  0.00147852
     2.47519    0.901859  0.00172563
     2.50084    0.887719  0.00165249
     2.52649    0.878091   0.0014387
     2.55214    0.879106  0.00162378
   0.0128248           0           0
   0.0384745           0           0
   0.0641241           0           0
   0.0897737           0           0
    0.115423           0           0
    0.141073           0           0
    0.166723           0           0
    0.192372           0           0
    0.218022           0           0
    0.243672           0           0
    0.269321           0           0
    0.294971           0           0
     0.32062           0           0
     0.34627           0           0
     0.37192           0           0
    0.397569           0           0
    0.423219           0           0
    0.448869           0           0
    0.474518           0           0
    0.500168           0           0
    0.525818           0           0
    0.551467           0           0
    0.577117           0           0
    0.602767           0           0
    0.628416           0           0
    0.654066           0           0
    0.679715           0           0
    0.705365           0           0
    0.731015           0           0
    0.756664           0           0
    0.782314           0           0
    0.807964           0           0
    0.833613           0           0
    0.859263 2.95069e-06 2.85699e-06
    0.884913  0.00119455 8.49358e-05
    0.910562   0.0236719 0.000385919
    0.936212    0.160423  0.00121029
    0.961861    0.551045  0.00257898
    0.987511     1.17247  0.00408861
     1.01316     1.81827  0.00640844
     1.03881     2.27494  0.00335162
     1.06446      2.4926  0.00363451
     1.09011     2.48848  0.00345435
     1.11576     2.35038  0.00429052
     1.14141     2.14987  0.00359107
     1.16706     1.92913  0.00237077
     1.19271     1.71752  0.00322845
     1.21836     1.52803  0.00329021
     1.24401     1.36148  0.00353446
     1.26966     1.22014  0.00342172
     1.29531     1.10168  0.00337986
     1.32096     1.00493  0.00249076
     1.34661    0.923863  0.00242519
     1.37226    0.856815  0.00219524
     1.39791    0.802943  0.00196683
     1.42355    0.762899  0.00189508
      1.4492    0.726697   0.0020695
     1.47485    0.699973  0.00178718
      1.5005    0.682287  0.00183231
     1.52615    0.667836   0.0017681
      1.5518    0.663699  0.00162217
     1.57745    0.661497  0.00193334
      1.6031    0.666569  0.00181843
     1.62875    0.676599  0.00170959
      1.6544    0.693542  0.00220919
     1.68005    0.713908  0.00222424
      1.7057     0.73793  0.00188496
     1.73135    0.769069  0.00171927
       1.757    0.801341  0.00189542
     1.78265    0.838879  0.00178836
      1.8083    0.880295  0.00162189
     1.83395    0.919697  0.00199199
      1.8596     0.96078  0.00225539
     1.88525     1.00123  0.00197189
      1.9109     1.04134  0.00158697
     1.93655      1.0777  0.00214433
      1.9622     1.11278  0.00185612
     1.98785     1.14361  0.00165869
      2.0135     1.16911  0.00127587
     2.03915     1.18534  0.00135387
      2.0648     1.19962  0.00198936
     2.09045      1.1982  0.00206115
      2.1161     1.19455  0.00197683
     2.14174      1.1818   0.0019053
     2.16739     1.16169  0.00196989
     2.19304     1.13785  0.00165212
     2.21869     1.11228  0.00221988
     2.24434     1.08524  0.00229617
     2.26999     1.05691  0.00167629
     2.29564     1.03065  0.00192171
     2.32129     1.00409  0.00122186
     2.34694    0.980868  0.00188035
     2.37259    0.958774   0.0018664
     2.39824    0.941242  0.00158982
     2.42389    0.923617  0.00149536
     2.44954    0.911698  0.00142332
     2.47519    0.901742  0.00162168
     2.50084    0.887628   0.0015517
     2.52649    0.878338  0.00136986
     2.55214    0.879512   0.0015723
   0.0128248           0           0
   0.0384745           0           0
   0.0641241           0           0
   0.0897737           0           0
    0.115423           0           0
    0.141073           0           0
    0.166723           0           0
    0.192372           0           0
    0.218022           0           0
    0.243672           0           0
    0.269321           0           0
    0.294971           0           0
     0.32062           0           0
     0.34627           0           0
     0.37192           0           0
    0.397569           0           0
    0.423219           0           0
    0.448869           0           0
    0.474518           0           0
    0.500168           0           0
    0.525818           0           0
    0.551467           0           0
    0.577117           0           0
    0.602767           0           0
    0.628416           0           0
    0.654066           0           0
    0.679715           0           0
    0.705365           0           0
    0.731015           0           0
    0.756664           0           0
    0.782314           0           0
    0.807964           0           0
    0.833613           0           0
    0.859263 2.77712e-06  2.6942e-06
    0.884913  0.00117932  8.1294e-05
    0.910562   0.0236716 0.000363218
    0.936212      0.1607  0.00117027
    0.961861      0.5493    0.002959
    0.987511     1.17046  0.00431036
     1.01316     1.81581  0.00648647
     1.03881     2.27324  0.00356222
     1.06446     2.49124   0.0036665
     1.09011     2.48953  0.00340723
     1.11576     2.35007  0.00404944
     1.14141     2.15154  0.00374523
     1.16706     1.93092  0.00282938
     1.19271     1.71809  0.00308852
     1.21836     1.52922  0.00330652
     1.24401     1.36228  0.00341567
     1.26966     1.22157  0.00350896
     1.29531     1.10211  0.00320772
     1.32096     1.00536  0.00238109
     1.34661      0.9245  0.00236467
     1.37226    0.857124  0.00208768
     1.39791    0.803461  0.00191811
     1.42355    0.763447  0.00186103
      1.4492    0.727324  0.00204053
     1.47485    0.699495  0.00174472
      1.5005    0.682409  0.00172856
     1.52615    0.667109  0.00180711
      1.5518    0.663297  0.00157576
     1.57745    0.661128  0.00185444
      1.6031    0.666098  0.00177142
     1.62875    0.675605  0.00187583
      1.6544    0.692796  0.00220186
     1.68005    0.713366  0.00215833
      1.7057    0.737136  0.00193382
     1.73135    0.768788  0.00164093
       1.757    0.801552   0.0017957
     1.78265    0.839097  0.00169633
      1.8083    0.880259  0.00152687
     1.83395    0.919334  0.00190761
      1.8596    0.960492  0.00214101
     1.88525     1.00073  0.00191706
      1.9109     1.04137   0.0014939
     1.93655     1.07749  0.00202861
      1.9622     1.11282  0.00174728
     1.98785     1.14411  0.00163516
      2.0135     1.16859  0.00130387
     2.03915     1.18592  0.00139537
      2.0648     1.20056  0.00208384
     2.09045      1.1982  0.00193991
      2.1161     1.19479  0.00187495
     2.14174     1.18245  0.00190197
     2.16739     1.16164  0.00185463
     2.19304     1.13854  0.00169454
     2.21869     1.11256  0.00210794
     2.24434     1.08506  0.00216834
     2.26999     1.05656  0.00161447
     2.29564     1.03041  0.00182311
     2.32129     1.00372  0.00120347
     2.34694    0.980432  0.00181955
     2.37259    0.958655  0.00176038
     2.39824    0.941313  0.00149788
     2.42389    0.923722  0.00141107
     2.44954    0.911544  0.00134792
     2.47519     0.90181  0.00152771
     2.50084    0.887683  0.00146138
     2.52649    0.878192  0.00129712
     2.55214    0.879674  0.00148813
   0.0128248           0           0
   0.0384745           0           0
   0.0641241           0           0
   0.0897737           0           0
    0.115423           0           0
    0.141073           0           0
    0.166723           0           0
    0.192372           0           0
    0.218022           0           0
    0.243672           0           0
    0.269321           0           0
    0.294971           0           0
     0.32062           0           0
     0.34627           0           0
     0.37192           0           0
    0.397569           0           0
    0.423219           0           0
    0.448869           0           0
    0.474518           0           0
    0.500168           0           0
    0.525818           0           0
    0.551467           0           0
    0.577117           0           0
    0.602767           0           0
    0.628416           0           0
    0.654066           0           0
    0.679715           0           0
    0.705365           0           0
    0.731015           0           0
    0.756664           0           0
    0.782314           0           0
    0.807964           0           0
    0.833613           0           0
    0.859263 2.62283e-06 2.54894e-06
    0.884913   0.0011534 8.08031e-05
    0.910562   0.0235683 0.000357404
    0.936212    0.160314  0.00116698
    0.961861    0.548547  0.00288876
    0.987511     1.17024  0.00407694
     1.01316     1.81354  0.00651122
     1.03881     2.27315  0.00336549
     1.06446     2.48906  0.00405708
     1.09011     2.48843  0.00339067
     1.11576     2.34967   0.0038444
     1.14141     2.15138  0.00354057
     1.16706      1.9315  0.00273003
     1.19271     1.71892  0.00302489
     1.21836     1.52997  0.00320535
     1.24401     1.36396  0.00361614
     1.26966     1.22172  0.00331692
     1.29531     1.10307  0.00317191
     1.32096     1.00594  0.00231882
     1.34661    0.925193  0.00233276
     1.37226    0.857988  0.00214298
     1.39791    0.803922  0.00186621
     1.42355    0.764063  0.00185689
      1.4492    0.727344  0.00192728
     1.47485    0.699649  0.00165458
      1.5005    0.682348   0.0016336
     1.52615    0.667446  0.00173776
      1.5518    0.662834  0.00155459
     1.57745    0.660986  0.00175688
      1.6031     0.66572  0.00171291
     1.62875    0.675326  0.00179231
      1.6544    0.692425  0.00211044
     1.68005     0.71258  0.00217694
      1.7057    0.737098  0.00182675
     1.73135    0.767864  0.00179136
       1.757    0.800921  0.00180357
     1.78265    0.838269  0.00179269
      1.8083    0.880055  0.00145561
     1.83395    0.919458  0.00180567
      1.8596    0.960067  0.00206379
     1.88525     1.00034  0.00184909
      1.9109     1.04096  0.00146647
     1.93655     1.07739  0.00191831
      1.9622     1.11307  0.00166877
     1.98785     1.14389  0.00155967
      2.0135     1.16852  0.00123301
     2.03915      1.1862  0.00134434
      2.0648      1.2005  0.00196896
     2.09045     1.19802  0.00184024
      2.1161     1.19472  0.00177177
     2.14174      1.1822  0.00181247
     2.16739     1.16148  0.00175855
     2.19304     1.13927  0.00175199
     2.21869     1.11354  0.00220616
     2.24434     1.08621  0.00233365
     2.26999     1.05711  0.00161587
     2.29564     1.03094  0.00179707
     2.32129     1.00469  0.00147622
     2.34694    0.980704  0.00173874
     2.37259    0.958862   0.0016747
     2.39824    0.941586  0.00143938
     2.42389    0.923601  0.00133784
     2.44954    0.911501  0.00127374
     2.47519    0.902028  0.00145824
     2.50084    0.887494  0.00139234
     2.52649    0.878236   0.0012258
     2.55214    0.879245  0.00146602
   0.0128248           0           0
   0.0384745           0           0
   0.0641241           0           0
   0.0897737           0           0
    0.115423           0           0
    0.141073           0           0
    0.166723           0           0
    0.192372           0           0
    0.218022           0           0
    0.243672           0           0
    0.269321           0           0
    0.294971           0           0
     0.32062           0           0
     0.34627           0           0
     0.37192           0           0
    0.397569           0           0
    0.423219           0           0
    0.448869           0           0
    0.474518           0           0
    0.500168           0           0
    0.525818           0           0
    0.551467           0           0
    0.577117           0           0
    0.602767           0           0
    0.628416           0           0
    0.654066           0           0
    0.679715           0           0
    0.705365           0           0
    0.731015           0           0
    0.756664           0           0
    0.782314           0           0
    0.807964           0           0
    0.833613           0           0
    0.859263 2.48479e-06 2.41852e-06
    0.884913   0.0011818 8.13878e-05
    0.910562   0.0237021 0.000362747
    0.936212    0.160167  0.00111485
    0.961861    0.547615  0.00288317
    0.987511     1.17033  0.00386349
     1.01316     1.81396  0.00618202
     1.03881     2.27342   0.0031996
     1.06446     2.48948  0.00386487
     1.09011     2.48855  0.00321426
     1.11576     2.35021  0.00368009
     1.14141     2.15131  0.00335476
     1.16706     1.93223  0.00268335
     1.19271     1.71951    0.002923
     1.21836     1.52987  0.00303799
     1.24401     1.36361  0.00344318
     1.26966     1.22116  0.00318823
     1.29531     1.10331  0.00301371
     1.32096     1.00612  0.00220364
     1.34661    0.925158  0.00221024
     1.37226    0.858019  0.00203042
     1.39791    0.804275  0.00180107
     1.42355    0.763683  0.00179765
      1.4492    0.727329   0.0018259
     1.47485    0.699118  0.00165069
      1.5005    0.681804  0.00163587
     1.52615    0.667518   0.0016478
      1.5518    0.662429  0.00152467
     1.57745    0.661066  0.00166624
      1.6031     0.66537  0.00165798
     1.62875    0.675634  0.00172428
      1.6544    0.692051  0.00203227
     1.68005    0.712282  0.00208266
      1.7057    0.736851   0.0017473
     1.73135    0.767467  0.00174057
       1.757    0.800749  0.00171685
     1.78265    0.838481  0.00171083
      1.8083    0.880187  0.00138497
     1.83395    0.920191  0.00185338
      1.8596    0.960429  0.00198669
     1.88525     1.00019  0.00175798
      1.9109     1.04146  0.00147339
     1.93655     1.07799  0.00191048
      1.9622     1.11315  0.00158271
     1.98785     1.14424  0.00151739
      2.0135     1.16863  0.00117315
     2.03915     1.18615  0.00127445
      2.0648     1.20039  0.00186844
     2.09045      1.1978  0.00175643
      2.1161     1.19433  0.00172154
     2.14174     1.18214  0.00171823
     2.16739     1.16131  0.00167405
     2.19304     1.13952  0.00167666
     2.21869     1.11361  0.00209123
     2.24434     1.08595  0.00222558
     2.26999     1.05726  0.00153762
     2.29564     1.03059  0.00173728
     2.32129     1.00458  0.00140246
     2.34694    0.980227  0.00171161
     2.37259    0.958741  0.00159095
     2.39824      0.9415  0.00136617
     2.42389    0.923538  0.00126892
     2.44954    0.911385  0.00121192
     2.47519    0.902241  0.00139695
     2.50084    0.888074  0.00143491
     2.52649    0.878241   0.0011613
     2.55214    0.879115  0.00139464
   0.0128248           0           0
   0.0384745           0           0
   0.0641241           0           0
   0.0897737           0           0
    0.115423           0           0
    0.141073           0           0
    0.166723           0           0
    0.192372           0           0
    0.218022           0           0
    0.243672           0           0
    0.269321           0           0
    0.294971           0           0
     0.32062           0           0
     0.34627           0           0
     0.37192           0           0
    0.397569           0           0
    0.423219           0           0
    0.448869           0           0
    0.474518           0           0
    0.500168           0           0
    0.525818           0           0
    0.551467           0           0
    0.577117           0           0
    0.602767           0           0
    0.628416           0           0
    0.654066           0           0
    0.679715           0           0
    0.705365           0           0
    0.731015           0           0
    0.756664           0           0
    0.782314           0           0
    0.807964           0           0
    0.833613           0           0
    0.859263  4.7211e-06 3.16701e-06
    0.884913  0.00121627 8.43022e-05
    0.910562   0.0238098 0.000360248
    0.936212    0.160491  0.00110509
    0.961861    0.548105  0.00278028
    0.987511     1.17146  0.00383114
     1.01316     1.81388  0.00587339
     1.03881     2.27329  0.00304235
     1.06446     2.48919  0.00368252
     1.09011     2.48775  0.00314979
     1.11576     2.34941  0.00358358
     1.14141     2.15123  0.00318795
     1.16706     1.93313  0.00269417
     1.19271     1.71957  0.00277743
     1.21836     1.52934  0.00293256
     1.24401      1.3634  0.00327743
     1.26966     1.22172  0.00307769
     1.29531     1.10371  0.00288971
     1.32096     1.00581  0.00211509
     1.34661    0.925395  0.00211236
     1.37226    0.857885  0.00193331
     1.39791    0.804076    0.001722
     1.42355    0.763051  0.00181543
      1.4492    0.726785  0.00181395
     1.47485    0.699319  0.00158039
      1.5005    0.680863  0.00180447
     1.52615      0.6672  0.00159578
      1.5518    0.662421  0.00144846
     1.57745    0.660927  0.00158874
      1.6031     0.66568  0.00160367
     1.62875    0.675737  0.00164117
      1.6544     0.69197  0.00193227
     1.68005    0.712192  0.00198048
      1.7057    0.736919  0.00166125
     1.73135     0.76761  0.00165945
       1.757    0.801491  0.00178416
     1.78265    0.838777  0.00165062
      1.8083    0.880144  0.00131639
     1.83395    0.920224  0.00176101
      1.8596    0.960818  0.00192504
     1.88525     1.00063  0.00172453
      1.9109     1.04166  0.00141277
     1.93655     1.07773   0.0018335
      1.9622     1.11345  0.00153273
     1.98785     1.14416  0.00144397
      2.0135     1.16877  0.00112262
     2.03915     1.18626   0.0012154
      2.0648     1.20005  0.00180625
     2.09045     1.19815  0.00170359
      2.1161     1.19409  0.00165299
     2.14174     1.18235  0.00164562
     2.16739     1.16183  0.00166812
     2.19304      1.1396  0.00159497
     2.21869      1.1138  0.00199499
     2.24434     1.08548  0.00216371
     2.26999     1.05694  0.00149192
     2.29564      1.0304  0.00166039
     2.32129     1.00429  0.00136196
     2.34694     0.97983  0.00167145
     2.37259    0.958678  0.00151264
     2.39824    0.940948  0.00140493
     2.42389    0.923414  0.00121154
     2.44954    0.911432  0.00115223
     2.47519    0.901574  0.00147772
     2.50084     0.88808  0.00136318
     2.52649    0.878253   0.0011033
     2.55214    0.879058  0.00132603
