     1.16255
     1.16256
     1.16266
     1.16284
     1.16312
      1.1635
     1.16397
     1.16453
     1.16518
     1.16592
     1.16674
     1.16763
     1.16858
     1.16959
     1.17063
      1.1717
     1.17279
     1.17388
     1.17497
     1.17605
      1.1771
     1.17812
     1.17909
     1.18002
      1.1809
     1.18171
     1.18247
     1.18316
      1.1838
     1.18437
     1.18488
     1.18533
     1.18572
     1.18607
     1.18637
     1.18663
     1.18686
     1.18706
     1.18724
      1.1874
     1.18756
     1.18771
     1.18787
     1.18803
     1.18821
     1.18842
     1.18865
     1.18892
     1.18922
     1.18957
     1.18996
      1.1904
      1.1909
     1.19145
     1.19206
     1.19272
     1.19345
     1.19423
     1.19507
     1.19596
     1.19691
     1.19789
     1.19892
     1.19999
     1.20108
     1.20219
     1.20331
     1.20444
     1.20555
     1.20665
     1.20772
     1.20875
     1.20973
     1.21064
     1.21149
     1.21225
     1.21293
      1.2135
     1.21396
      1.2143
     1.21452
     1.21461
     1.21456
     1.21437
     1.21404
     1.21356
     1.21294
     1.21217
     1.21125
     1.21018
     1.20897
     1.20762
     1.20613
     1.20449
     1.20272
     1.20082
     1.19878
     1.19661
     1.19432
     1.19189
     1.18934
     1.18666
     1.18384
      1.1809
     1.17782
      1.1746
     1.17123
     1.16772
     1.16405
     1.16023
     1.15624
     1.15208
     1.14774
     1.14321
      1.1385
     1.13359
     1.12849
     1.12319
     1.11769
     1.11199
      1.1061
     1.10001
     1.09375
      1.0873
      1.0807
     1.07395
     1.06706
     1.06006
     1.05298
     1.04584
     1.03867
      1.0315
     1.02438
     1.01733
      1.0104
     1.00364
    0.997077
    0.990761
    0.984731
    0.979026
    0.973682
    0.968729
    0.964196
    0.960104
    0.956467
    0.953297
    0.950596
    0.948366
    0.946601
    0.945294
    0.944433
    0.944008
    0.944005
    0.944416
    0.945229
    0.946435
    0.948028
    0.950003
    0.952357
    0.955087
    0.958192
    0.961672
    0.965525
    0.969747
    0.974336
    0.979285
    0.984586
     0.99023
    0.996203
     1.00249
     1.00907
     1.01592
     1.02301
     1.03032
     1.03781
     1.04545
     1.05321
     1.06104
      1.0689
     1.07677
     1.08459
     1.09233
     1.09995
     1.10741
     1.11468
     1.12172
     1.12851
     1.13501
      1.1412
     1.14705
     1.15255
     1.15767
     1.16242
     1.16676
     1.17071
     1.17425
     1.17738
      1.1801
     1.18242
     1.18434
     1.18587
     1.18702
      1.1878
     1.18824
     1.18833
     1.18811
     1.18758
     1.18677
     1.18568
     1.18435
     1.18278
     1.18099
       1.179
     1.17682
     1.17446
     1.17194
     1.16926
     1.16644
     1.16348
      1.1604
     1.15719
     1.15387
     1.15044
     1.14691
     1.14328
     1.13956
     1.13577
     1.13191
       1.128
     1.12404
     1.12005
     1.11606
     1.11208
     1.10812
     1.10421
     1.10038
     1.09664
     1.09302
     1.08955
     1.08625
     1.08316
     1.08029
     1.07768
     1.07534
     1.07329
     1.07157
     1.07018
     1.06915
     1.06848
     1.06818
     1.06827
     1.06874
     1.06959
     1.07082
     1.07243
     1.07439
      1.0767
     1.07933
     1.08228
     1.08551
       1.089
     1.09273
     1.09667
     1.10078
     1.10504
     1.10943
      1.1139
     1.11844
     1.12301
     1.12758
     1.13213
     1.13664
     1.14106
     1.14539
     1.14959
     1.15365
     1.15754
     1.16125
     1.16476
     1.16806
     1.17112
     1.17395
     1.17652
     1.17883
     1.18088
     1.18266
     1.18417
      1.1854
     1.18636
     1.18706
     1.18749
     1.18766
     1.18759
     1.18727
     1.18673
     1.18596
     1.18499
     1.18383
     1.18249
     1.18099
     1.17934
     1.17757
     1.17568
      1.1737
     1.17163
     1.16951
     1.16735
     1.16515
     1.16295
     1.16074
     1.15856
      1.1564
     1.15429
     1.15224
     1.15025
     1.14833
     1.14649
     1.14474
     1.14307
     1.14149
        1.14
      1.1386
     1.13728
     1.13604
     1.13488
     1.13378
     1.13274
     1.13175
      1.1308
     1.12989
     1.12899
     1.12811
     1.12722
     1.12634
     1.12543
     1.12451
     1.12356
     1.12258
     1.12155
     1.12049
     1.11938
     1.11823
     1.11704
     1.11581
     1.11454
     1.11325
     1.11192
     1.11058
     1.10923
     1.10787
     1.10653
     1.10519
     1.10389
     1.10262
      1.1014
     1.10023
     1.09912
     1.09809
     1.09714
     1.09627
     1.09549
      1.0948
     1.09421
     1.09371
     1.09331
     1.09299
     1.09276
     1.09261
     1.09254
     1.09253
     1.09259
      1.0927
     1.09286
     1.09305
     1.09328
     1.09353
      1.0938
     1.09407
     1.09435
     1.09463
      1.0949
     1.09516
      1.0954
     1.09564
     1.09586
     1.09607
     1.09626
     1.09645
     1.09663
     1.09682
     1.09701
     1.09722
     1.09746
     1.09773
     1.09804
      1.0984
     1.09882
     1.09931
     1.09987
     1.10052
     1.10126
     1.10209
     1.10302
     1.10404
     1.10515
     1.10635
     1.10764
       1.109
     1.11043
     1.11193
     1.11347
     1.11505
     1.11665
     1.11828
     1.11991
     1.12154
     1.12316
     1.12476
     1.12634
      1.1279
     1.12942
     1.13092
     1.13238
     1.13382
     1.13521
     1.13658
     1.13791
     1.13921
     1.14048
     1.14173
     1.14294
     1.14411
     1.14526
     1.14636
     1.14743
     1.14846
     1.14944
     1.15037
     1.15125
     1.15207
     1.15282
      1.1535
     1.15411
     1.15463
     1.15507
     1.15543
     1.15568
     1.15584
      1.1559
     1.15586
     1.15571
     1.15546
      1.1551
     1.15464
     1.15408
     1.15341
     1.15266
     1.15181
     1.15088
     1.14986
     1.14878
     1.14762
     1.14641
     1.14515
     1.14385
     1.14252
     1.14116
     1.13979
     1.13841
     1.13704
     1.13568
     1.13433
     1.13302
     1.13173
     1.13049
      1.1293
     1.12817
     1.12709
     1.12608
     1.12514
     1.12427
     1.12348
     1.12277
     1.12214
     1.12159
     1.12112
     1.12073
     1.12042
     1.12018
     1.12002
     1.11994
     1.11992
     1.11997
     1.12009
     1.12026
     1.12049
     1.12077
     1.12108
     1.12144
     1.12183
     1.12225
     1.12268
     1.12314
      1.1236
     1.12407
     1.12454
       1.125
     1.12544
     1.12586
     1.12626
     1.12663
     1.12696
     1.12724
     1.12749
     1.12768
     1.12782
     1.12791
     1.12793
     1.12791
     1.12782
     1.12768
     1.12748
     1.12723
     1.12692
     1.12657
     1.12618
     1.12576
      1.1253
     1.12483
     1.12435
     1.12386
     1.12339
     1.12293
      1.1225
     1.12212
      1.1218
     1.12154
     1.12136
     1.12128
      1.1213
     1.12143
      1.1217
      1.1221
     1.12266
     1.12337
     1.12425
      1.1253
     1.12653
     1.12795
     1.12955
     1.13134
     1.13331
     1.13546
     1.13778
     1.14028
     1.14294
     1.14574
     1.14868
     1.15175
     1.15493
      1.1582
     1.16154
     1.16494
     1.16837
     1.17182
     1.17527
     1.17869
     1.18206
     1.18537
     1.18859
      1.1917
     1.19469
     1.19753
      1.2002
     1.20269
     1.20499
     1.20707
     1.20892
     1.21052
     1.21187
     1.21295
     1.21375
     1.21426
     1.21447
     1.21438
     1.21399
     1.21328
     1.21226
     1.21093
     1.20929
     1.20734
      1.2051
     1.20256
     1.19973
     1.19663
     1.19327
     1.18967
     1.18583
     1.18178
     1.17754
     1.17312
     1.16855
     1.16386
     1.15906
     1.15419
     1.14928
     1.14434
     1.13941
     1.13452
     1.12969
     1.12494
     1.12032
     1.11583
      1.1115
     1.10735
      1.1034
     1.09966
     1.09615
     1.09287
     1.08983
     1.08704
     1.08449
     1.08218
     1.08011
     1.07828
     1.07668
      1.0753
     1.07413
     1.07315
     1.07237
     1.07177
     1.07135
     1.07108
     1.07097
       1.071
     1.07117
     1.07146
     1.07188
     1.07241
     1.07305
     1.07378
     1.07461
     1.07553
     1.07654
     1.07761
     1.07876
     1.07996
     1.08122
     1.08253
     1.08387
     1.08524
     1.08663
     1.08803
     1.08943
     1.09082
     1.09219
     1.09353
     1.09483
     1.09608
     1.09728
      1.0984
     1.09946
     1.10043
     1.10132
     1.10212
     1.10283
     1.10345
     1.10398
     1.10442
     1.10478
     1.10507
     1.10528
     1.10543
     1.10554
      1.1056
     1.10564
     1.10566
     1.10569
     1.10573
     1.10581
     1.10592
     1.10609
     1.10632
     1.10662
     1.10701
     1.10748
     1.10804
     1.10868
     1.10941
     1.11022
      1.1111
     1.11203
     1.11302
     1.11403
     1.11507
      1.1161
     1.11711
     1.11808
     1.11899
     1.11982
     1.12055
     1.12115
     1.12161
     1.12191
     1.12204
     1.12198
     1.12172
     1.12126
     1.12057
     1.11967
     1.11854
     1.11719
     1.11562
     1.11384
     1.11186
     1.10969
     1.10734
     1.10483
     1.10217
     1.09939
     1.09649
     1.09351
     1.09047
     1.08739
     1.08428
     1.08118
     1.07811
     1.07509
     1.07213
     1.06926
      1.0665
     1.06387
     1.06138
     1.05905
     1.05689
     1.05491
     1.05312
     1.05154
     1.05015
     1.04898
     1.04802
     1.04727
     1.04674
     1.04641
     1.04629
     1.04636
     1.04662
     1.04706
     1.04768
     1.04846
      1.0494
     1.05048
     1.05169
     1.05302
     1.05447
     1.05601
     1.05765
     1.05936
     1.06115
     1.06298
     1.06487
     1.06679
     1.06873
     1.07069
     1.07265
      1.0746
     1.07654
     1.07844
     1.08032
     1.08215
     1.08393
     1.08566
     1.08732
     1.08892
     1.09044
     1.09189
     1.09326
     1.09456
     1.09577
     1.09691
     1.09797
     1.09895
     1.09986
     1.10069
     1.10146
     1.10216
     1.10281
      1.1034
     1.10395
     1.10446
     1.10495
      1.1054
     1.10585
     1.10628
     1.10672
     1.10717
     1.10763
     1.10812
     1.10865
      1.1092
      1.1098
     1.11044
     1.11111
     1.11184
     1.11259
     1.11339
     1.11421
     1.11504
     1.11589
     1.11672
     1.11754
     1.11833
     1.11906
     1.11973
     1.12032
     1.12082
     1.12119
     1.12144
     1.12155
      1.1215
     1.12128
     1.12089
     1.12032
     1.11956
     1.11861
     1.11747
     1.11615
     1.11465
     1.11297
     1.11113
     1.10914
     1.10702
     1.10477
     1.10242
     1.09998
     1.09748
     1.09493
     1.09235
     1.08978
     1.08721
     1.08469
     1.08222
     1.07983
     1.07753
     1.07533
     1.07327
     1.07134
     1.06955
     1.06793
     1.06646
     1.06517
     1.06406
     1.06312
     1.06237
     1.06179
     1.06139
     1.06116
     1.06109
     1.06119
     1.06144
     1.06184
     1.06237
     1.06303
     1.06381
      1.0647
     1.06569
     1.06676
     1.06791
     1.06912
      1.0704
     1.07172
     1.07308
     1.07447
     1.07587
      1.0773
     1.07872
     1.08015
     1.08158
       1.083
     1.08441
     1.08581
      1.0872
     1.08857
     1.08994
     1.09129
     1.09265
     1.09401
     1.09538
     1.09677
     1.09819
     1.09965
     1.10117
     1.10274
     1.10439
     1.10612
     1.10794
     1.10987
      1.1119
     1.11405
     1.11631
     1.11868
     1.12116
     1.12375
     1.12643
     1.12919
     1.13201
     1.13488
     1.13778
      1.1407
     1.14359
     1.14646
     1.14927
       1.152
     1.15465
     1.15718
     1.15958
     1.16185
     1.16396
      1.1659
     1.16768
     1.16927
     1.17068
      1.1719
     1.17293
     1.17378
     1.17444
     1.17492
     1.17522
     1.17534
     1.17529
     1.17508
     1.17471
     1.17419
     1.17352
     1.17271
     1.17176
     1.17069
     1.16949
     1.16818
     1.16676
     1.16523
      1.1636
     1.16188
     1.16007
     1.15817
     1.15619
     1.15413
       1.152
     1.14981
     1.14755
     1.14522
     1.14284
     1.14041
     1.13793
      1.1354
     1.13284
     1.13023
      1.1276
     1.12493
     1.12224
     1.11953
     1.11681
     1.11407
     1.11132
     1.10857
     1.10582
     1.10307
     1.10033
      1.0976
     1.09489
      1.0922
     1.08954
     1.08691
     1.08431
     1.08175
     1.07924
     1.07677
     1.07436
     1.07201
     1.06973
     1.06752
     1.06539
     1.06335
     1.06139
     1.05954
     1.05779
     1.05615
     1.05463
     1.05324
     1.05198
     1.05086
     1.04987
     1.04903
     1.04834
      1.0478
     1.04741
     1.04716
     1.04707
     1.04712
     1.04731
     1.04764
      1.0481
     1.04868
     1.04938
     1.05019
     1.05109
     1.05208
     1.05314
     1.05427
     1.05546
     1.05669
     1.05795
     1.05923
     1.06053
     1.06183
     1.06312
     1.06441
     1.06567
     1.06691
     1.06811
     1.06928
     1.07041
     1.07149
     1.07252
      1.0735
     1.07443
     1.07531
     1.07614
     1.07692
     1.07764
     1.07832
     1.07895
     1.07954
     1.08009
      1.0806
     1.08109
     1.08156
     1.08201
     1.08246
     1.08292
     1.08339
     1.08389
     1.08443
     1.08502
     1.08568
     1.08642
     1.08726
     1.08821
     1.08928
     1.09049
     1.09184
     1.09336
     1.09505
      1.0969
     1.09894
     1.10116
     1.10355
     1.10612
     1.10885
     1.11174
     1.11477
     1.11793
     1.12121
     1.12457
     1.12801
      1.1315
     1.13502
     1.13855
     1.14207
     1.14556
     1.14899
     1.15235
     1.15563
     1.15879
     1.16183
     1.16472
     1.16747
     1.17004
     1.17243
     1.17464
     1.17664
     1.17843
     1.18001
     1.18136
     1.18249
     1.18338
     1.18405
     1.18448
     1.18467
     1.18465
      1.1844
     1.18393
     1.18326
     1.18239
     1.18135
     1.18014
     1.17878
      1.1773
     1.17571
     1.17402
     1.17226
     1.17045
     1.16861
     1.16675
     1.16489
     1.16305
     1.16123
     1.15945
     1.15773
     1.15606
     1.15444
     1.15289
      1.1514
     1.14996
     1.14858
     1.14725
     1.14596
     1.14471
      1.1435
      1.1423
     1.14113
     1.13997
     1.13881
     1.13765
     1.13648
     1.13531
     1.13412
     1.13291
     1.13168
     1.13042
     1.12914
     1.12784
     1.12651
     1.12515
     1.12377
     1.12237
     1.12096
     1.11953
     1.11809
     1.11666
     1.11523
     1.11381
     1.11241
     1.11105
     1.10973
     1.10846
     1.10725
     1.10611
     1.10505
     1.10408
     1.10321
     1.10245
     1.10181
      1.1013
     1.10093
     1.10069
     1.10062
     1.10069
     1.10094
     1.10136
     1.10195
     1.10272
     1.10368
     1.10483
     1.10617
      1.1077
     1.10942
     1.11133
     1.11342
     1.11569
     1.11813
     1.12072
     1.12345
     1.12631
     1.12928
     1.13233
     1.13545
      1.1386
     1.14178
     1.14494
     1.14808
     1.15117
     1.15418
      1.1571
      1.1599
     1.16259
     1.16513
     1.16752
     1.16975
     1.17182
     1.17372
     1.17546
     1.17702
     1.17842
     1.17966
     1.18074
     1.18167
     1.18245
     1.18308
     1.18356
     1.18391
     1.18413
     1.18421
     1.18415
     1.18396
     1.18364
     1.18318
     1.18257
     1.18182
     1.18092
     1.17985
     1.17861
      1.1772
      1.1756
     1.17381
     1.17182
     1.16961
     1.16719
     1.16455
     1.16168
     1.15858
     1.15525
      1.1517
     1.14793
     1.14394
     1.13976
      1.1354
     1.13089
     1.12626
     1.12154
     1.11677
     1.11199
     1.10726
     1.10261
     1.09811
      1.0938
     1.08973
     1.08595
     1.08249
     1.07939
     1.07668
     1.07435
     1.07243
      1.0709
     1.06975
     1.06895
     1.06848
     1.06831
     1.06839
      1.0687
     1.06918
     1.06982
     1.07056
     1.07139
     1.07227
     1.07318
     1.07412
     1.07505
     1.07597
     1.07688
     1.07778
     1.07865
     1.07952
     1.08037
     1.08121
     1.08204
     1.08288
     1.08372
     1.08457
     1.08544
     1.08632
     1.08722
     1.08815
      1.0891
     1.09008
     1.09108
      1.0921
     1.09315
     1.09421
      1.0953
     1.09639
     1.09749
     1.09859
      1.0997
      1.1008
      1.1019
     1.10298
     1.10405
      1.1051
     1.10613
     1.10714
     1.10812
     1.10907
     1.10999
     1.11088
     1.11175
     1.11258
     1.11338
     1.11416
      1.1149
     1.11562
     1.11632
       1.117
     1.11766
     1.11829
     1.11891
     1.11952
     1.12011
     1.12068
     1.12125
      1.1218
     1.12234
     1.12287
     1.12338
     1.12387
     1.12434
     1.12479
     1.12521
      1.1256
     1.12594
     1.12624
     1.12648
     1.12667
     1.12678
     1.12682
     1.12678
     1.12666
     1.12644
     1.12612
     1.12571
     1.12519
     1.12457
     1.12385
     1.12302
     1.12209
     1.12107
     1.11995
     1.11875
     1.11747
     1.11613
     1.11473
     1.11328
     1.11181
     1.11032
     1.10882
     1.10734
     1.10588
     1.10446
      1.1031
      1.1018
     1.10057
     1.09944
     1.09841
     1.09749
     1.09669
     1.09601
     1.09546
     1.09505
     1.09478
     1.09466
     1.09468
     1.09485
     1.09516
     1.09562
     1.09621
     1.09695
     1.09781
      1.0988
     1.09991
     1.10114
     1.10247
     1.10389
     1.10541
       1.107
     1.10866
     1.11038
     1.11214
     1.11395
     1.11577
     1.11761
     1.11945
     1.12128
     1.12308
     1.12485
     1.12656
     1.12822
     1.12979
     1.13129
     1.13269
     1.13398
     1.13515
     1.13619
     1.13711
     1.13787
     1.13849
     1.13896
     1.13927
     1.13942
     1.13941
     1.13925
     1.13893
     1.13847
     1.13787
     1.13713
     1.13628
     1.13533
     1.13428
     1.13316
     1.13199
     1.13079
     1.12957
     1.12837
      1.1272
     1.12609
     1.12506
     1.12413
     1.12334
      1.1227
     1.12223
     1.12195
     1.12189
     1.12206
     1.12246
     1.12312
     1.12404
     1.12522
     1.12667
     1.12839
     1.13036
     1.13258
     1.13503
     1.13771
     1.14058
     1.14363
     1.14683
     1.15016
     1.15359
     1.15708
     1.16061
     1.16414
     1.16764
     1.17109
     1.17445
     1.17769
     1.18079
     1.18372
     1.18646
     1.18897
     1.19126
     1.19329
     1.19506
     1.19656
     1.19778
     1.19871
     1.19935
     1.19971
     1.19977
     1.19956
     1.19907
     1.19832
     1.19731
     1.19605
     1.19457
     1.19287
     1.19098
      1.1889
     1.18667
     1.18428
     1.18177
     1.17915
     1.17644
     1.17365
     1.17081
     1.16793
     1.16503
     1.16212
     1.15922
     1.15635
     1.15351
     1.15073
     1.14801
     1.14537
     1.14282
     1.14038
     1.13804
     1.13582
     1.13373
     1.13178
     1.12997
     1.12831
      1.1268
     1.12546
     1.12427
     1.12325
     1.12238
     1.12168
     1.12113
     1.12072
     1.12046
     1.12033
     1.12031
     1.12041
      1.1206
     1.12087
     1.12121
      1.1216
     1.12202
     1.12247
     1.12293
     1.12338
     1.12382
     1.12422
      1.1246
     1.12493
     1.12521
     1.12545
     1.12565
      1.1258
     1.12591
     1.12599
     1.12605
     1.12609
     1.12612
     1.12617
     1.12623
     1.12633
     1.12646
     1.12666
     1.12691
     1.12724
     1.12766
     1.12816
     1.12876
     1.12945
     1.13023
     1.13112
     1.13209
     1.13314
     1.13427
     1.13547
     1.13673
     1.13802
     1.13935
      1.1407
     1.14204
     1.14337
     1.14468
     1.14594
     1.14714
     1.14827
     1.14932
     1.15028
     1.15114
     1.15188
     1.15251
     1.15302
     1.15341
     1.15367
      1.1538
     1.15382
     1.15371
     1.15348
     1.15315
     1.15272
      1.1522
      1.1516
     1.15092
     1.15019
      1.1494
     1.14857
      1.1477
     1.14682
     1.14592
     1.14501
      1.1441
     1.14319
     1.14229
      1.1414
     1.14052
     1.13966
     1.13882
     1.13799
     1.13719
      1.1364
     1.13563
     1.13489
     1.13416
     1.13345
     1.13275
     1.13208
     1.13142
     1.13078
     1.13016
     1.12955
     1.12895
     1.12837
     1.12779
     1.12723
     1.12666
     1.12611
     1.12555
     1.12499
     1.12443
     1.12387
      1.1233
     1.12272
     1.12214
     1.12154
     1.12094
     1.12034
     1.11973
     1.11911
      1.1185
     1.11789
     1.11729
     1.11671
     1.11615
     1.11563
     1.11515
     1.11473
     1.11438
     1.11411
     1.11394
     1.11388
     1.11394
     1.11414
     1.11449
     1.11501
     1.11571
      1.1166
      1.1177
       1.119
     1.12051
     1.12225
      1.1242
     1.12636
     1.12874
     1.13133
      1.1341
     1.13707
      1.1402
     1.14348
      1.1469
     1.15044
     1.15408
     1.15781
     1.16159
     1.16541
     1.16925
      1.1731
     1.17692
     1.18072
     1.18446
     1.18813
     1.19171
     1.19519
     1.19856
     1.20179
     1.20489
     1.20783
     1.21062
     1.21322
     1.21565
     1.21789
     1.21993
     1.22178
     1.22341
     1.22483
     1.22603
     1.22702
     1.22778
     1.22831
     1.22862
     1.22871
     1.22856
     1.22819
     1.22759
     1.22677
     1.22574
     1.22449
     1.22304
     1.22139
     1.21955
     1.21753
     1.21535
       1.213
     1.21051
     1.20789
     1.20515
     1.20231
      1.1994
     1.19642
      1.1934
     1.19035
     1.18729
     1.18425
     1.18123
     1.17827
     1.17537
     1.17255
     1.16983
     1.16723
     1.16474
     1.16239
     1.16018
     1.15812
      1.1562
     1.15443
     1.15281
     1.15134
        1.15
      1.1488
     1.14772
     1.14675
     1.14589
     1.14512
     1.14443
     1.14381
     1.14325
     1.14273
     1.14224
     1.14178
     1.14132
     1.14087
     1.14042
     1.13996
     1.13948
     1.13898
     1.13846
     1.13792
     1.13735
     1.13675
     1.13612
     1.13547
      1.1348
      1.1341
     1.13339
     1.13265
     1.13191
     1.13115
     1.13039
     1.12962
     1.12884
     1.12807
     1.12729
     1.12651
     1.12574
     1.12497
      1.1242
     1.12342
     1.12265
     1.12188
      1.1211
     1.12032
     1.11954
     1.11874
     1.11793
     1.11711
     1.11628
     1.11543
     1.11456
     1.11368
     1.11277
     1.11184
     1.11088
      1.1099
      1.1089
     1.10786
     1.10679
     1.10569
     1.10455
     1.10337
     1.10215
     1.10088
     1.09955
     1.09818
     1.09674
     1.09525
     1.09369
     1.09207
     1.09038
     1.08863
     1.08681
     1.08493
       1.083
     1.08102
     1.07901
     1.07696
     1.07489
     1.07282
     1.07076
     1.06873
     1.06675
     1.06483
     1.06298
     1.06124
     1.05962
     1.05813
     1.05679
     1.05563
     1.05464
     1.05386
     1.05328
     1.05292
     1.05279
      1.0529
     1.05325
     1.05383
     1.05466
     1.05574
     1.05704
     1.05859
     1.06035
     1.06234
     1.06453
     1.06691
     1.06947
      1.0722
     1.07507
     1.07807
     1.08119
      1.0844
     1.08767
       1.091
     1.09435
     1.09772
     1.10106
     1.10438
     1.10765
     1.11085
     1.11396
     1.11697
     1.11987
     1.12265
     1.12528
     1.12778
     1.13012
     1.13231
     1.13433
     1.13619
     1.13789
     1.13941
     1.14077
     1.14197
     1.14301
     1.14389
     1.14461
     1.14519
     1.14563
     1.14593
      1.1461
     1.14615
     1.14608
     1.14591
     1.14563
     1.14527
     1.14482
     1.14429
     1.14369
     1.14303
     1.14232
     1.14156
     1.14077
     1.13995
     1.13911
     1.13826
      1.1374
     1.13655
     1.13571
     1.13489
      1.1341
     1.13334
     1.13263
     1.13195
     1.13133
     1.13077
     1.13026
     1.12981
     1.12943
     1.12911
     1.12885
     1.12866
     1.12854
     1.12847
     1.12847
     1.12851
     1.12862
     1.12876
     1.12895
     1.12918
     1.12944
     1.12972
     1.13003
     1.13034
     1.13067
     1.13099
     1.13132
     1.13163
     1.13192
     1.13219
     1.13244
     1.13266
     1.13283
     1.13297
     1.13306
     1.13309
     1.13308
       1.133
     1.13287
     1.13267
     1.13241
     1.13208
     1.13168
