    -8.45843
    -8.30854
    -8.21062
    -8.05782
    -7.99973
     -7.9666
    -7.91284
    -7.90842
    -7.83727
    -7.79984
    -7.76627
    -7.76177
    -7.86144
    -7.76728
    -7.68207
    -7.65967
    -7.62862
    -7.68954
    -7.65237
    -7.63677
    -7.69348
    -7.60685
    -7.62948
    -7.71584
    -7.76088
    -7.68058
    -7.63137
     -7.6468
    -7.59244
     -7.5715
     -7.5366
       -7.52
    -7.54771
    -7.62215
    -7.59939
    -7.60018
     -7.6087
    -7.55192
    -7.56421
    -7.54998
    -7.54531
    -7.51752
    -7.47172
    -7.50083
    -7.47354
     -7.5021
    -7.52049
    -7.52302
    -7.50737
    -7.54345
    -7.54503
    -7.56398
    -7.60158
    -7.62604
    -7.63128
    -7.58686
    -7.52177
    -7.43746
    -7.51495
    -7.49287
    -7.47533
    -7.45794
    -7.48249
    -7.56827
    -7.55598
    -7.61383
    -7.55657
    -7.58425
    -7.57813
    -7.57865
    -7.55473
    -7.49384
    -7.37029
    -7.51873
    -7.47669
    -7.43536
    -7.38384
    -7.44448
    -7.38091
    -7.31021
    -7.29819
    -7.42258
    -7.33646
    -7.34717
    -7.39095
    -7.36311
    -7.43106
    -7.37315
    -7.37909
    -7.27777
    -7.27537
    -7.30187
     -7.3633
    -7.35892
    -7.37217
    -7.40741
    -7.22316
     -7.2863
    -7.34672
     -7.3414
     -7.2695
    -7.26552
    -7.30905
    -7.22911
    -7.28314
    -7.38416
    -7.36551
    -7.32427
    -7.25774
    -7.35076
    -7.39148
    -7.36644
    -7.37502
    -7.44274
    -7.38936
    -7.33237
    -7.32242
    -7.32864
    -7.29666
    -7.45832
    -7.43126
     -7.3977
    -7.30795
    -7.41762
    -7.43447
    -7.37339
    -7.43877
    -7.47038
      -7.483
    -7.45961
    -7.34208
    -7.40026
    -7.37643
    -7.40908
    -7.48667
     -7.3603
    -7.36232
    -7.39025
    -7.41856
    -7.36837
    -7.41848
    -7.43109
    -7.38128
    -7.32795
    -7.38408
    -7.26471
    -7.27197
    -7.42311
    -7.39452
    -7.37671
    -7.37923
    -7.32485
     -7.2469
     -7.3077
    -7.35261
    -7.25906
    -7.33763
    -7.38486
    -7.45548
     -7.3979
    -7.51863
    -7.43014
    -7.34858
    -7.39269
    -7.38587
    -7.39558
    -7.40085
    -7.39917
    -7.38688
    -7.29722
    -7.31165
    -7.31354
    -7.30453
    -7.27673
    -7.22582
    -7.31769
    -7.31669
    -7.38763
    -7.36429
    -7.33214
    -7.27583
    -7.30344
    -7.25916
    -7.25652
    -7.32889
    -7.26861
    -7.26179
    -7.33938
    -7.33867
    -7.34089
    -7.37594
    -7.21845
    -7.31154
    -7.25445
    -7.29113
    -7.20798
    -7.19654
    -7.22837
    -7.25493
    -7.21964
    -7.34933
    -7.36387
    -7.36128
    -7.26739
    -7.33717
    -7.23166
    -7.16106
    -7.17264
    -7.19218
    -7.14918
    -7.23956
    -7.26821
     -7.3387
     -7.3835
    -7.37446
    -7.49266
    -7.48276
    -7.47366
    -7.59671
    -7.55922
    -7.43226
    -7.43721
     -7.4684
    -7.47849
    -7.48825
    -7.42036
    -7.40598
    -7.27495
    -7.14553
    -7.18207
     -7.1667
    -7.33866
     -7.3497
    -7.32976
    -7.40188
    -7.28976
    -7.28282
    -7.25889
    -7.21848
    -7.20993
    -7.21615
    -7.23264
    -7.27406
    -7.29238
     -7.3141
    -7.35707
    -7.31581
    -7.30833
    -7.17238
    -7.24211
    -7.16431
    -7.14811
    -7.22493
    -7.27756
    -7.26069
    -7.27875
    -7.25266
    -7.21976
     -7.2192
    -7.22929
    -7.19977
    -7.19116
    -7.28592
    -7.20809
    -7.24139
     -7.1045
    -7.16709
    -7.22582
    -7.17747
    -7.18679
    -7.16159
    -7.16043
    -7.20821
    -7.19199
     -7.2106
    -7.28653
    -7.11514
    -7.04259
    -7.06679
    -7.11725
    -7.23281
    -7.24076
    -7.21705
    -7.18642
    -7.12354
    -7.19328
    -7.17641
    -7.25531
    -7.29042
    -7.27052
    -7.13662
    -7.11132
    -7.11572
    -7.12441
    -7.21092
    -7.25085
    -7.33519
    -7.29955
    -7.23783
    -7.19534
     -7.1841
    -7.31417
     -7.3051
     -7.2388
    -7.29978
    -7.28863
     -7.2332
    -7.26375
    -7.27124
    -7.30544
    -7.21179
    -7.24689
    -7.34612
    -7.36162
    -7.26042
    -7.26041
    -7.28935
    -7.23359
    -7.26695
    -7.30701
    -7.25018
    -7.21134
    -7.14483
    -7.28408
    -7.20346
    -7.31376
    -7.23848
    -7.29071
    -7.20758
    -7.17806
    -7.21534
    -7.22091
    -7.35359
    -7.30767
     -7.3575
    -7.25474
     -7.2567
    -7.34258
    -7.32469
    -7.26469
    -7.29816
    -7.33238
    -7.27083
    -7.26389
    -7.24205
    -7.16612
    -7.21665
    -7.29187
    -7.25212
    -7.33671
    -7.27663
    -7.18293
    -7.19664
    -7.23002
     -7.2917
    -7.38092
    -7.38274
    -7.44291
    -7.45849
    -7.33479
    -7.27526
    -7.25868
    -7.37242
    -7.43917
    -7.31673
    -7.35093
    -7.38106
    -7.36314
    -7.32883
    -7.30103
    -7.33935
    -7.39664
    -7.38324
    -7.37472
    -7.30026
    -7.33852
    -7.29495
    -7.35332
    -7.25896
    -7.31008
     -7.3034
    -7.16623
    -7.19921
    -7.31488
    -7.25131
    -7.22647
    -7.23302
    -7.24365
    -7.31002
    -7.27677
    -7.23915
    -7.25344
    -7.32744
    -7.28638
    -7.26466
    -7.31197
    -7.33949
     -7.3239
    -7.26188
    -7.32598
    -7.40623
    -7.39279
    -7.35247
    -7.31152
    -7.40597
    -7.46131
    -7.45378
    -7.36477
    -7.27486
    -7.40493
    -7.33237
    -7.19084
    -7.32171
    -7.28632
     -7.3403
    -7.29639
    -7.32073
    -7.33932
     -7.3602
    -7.31786
     -7.2175
    -7.16596
     -7.2287
    -7.24464
     -7.1347
    -7.19435
    -7.21707
    -7.28297
    -7.24838
    -7.25981
    -7.40552
    -7.33532
    -7.35373
    -7.39377
    -7.32846
     -7.2958
    -7.26013
    -7.21445
     -7.2125
     -7.2522
    -7.22769
    -7.25698
    -7.29052
    -7.42246
    -7.25825
    -7.30199
    -7.19581
    -7.22638
    -7.28888
    -7.24256
    -7.19871
    -7.19228
    -7.22217
    -7.20075
    -7.23357
    -7.30376
    -7.25858
    -7.26383
    -7.27077
    -7.30276
    -7.31066
    -7.36787
    -7.29213
    -7.30431
    -7.31183
    -7.30453
    -7.20537
    -7.31745
    -7.28754
    -7.34228
    -7.25715
    -7.25004
    -7.23784
    -7.18304
    -7.26121
     -7.1803
    -7.13212
    -7.20439
    -7.23977
    -7.29168
    -7.32456
    -7.31201
    -7.35455
    -7.37644
    -7.36893
    -7.38835
    -7.34455
    -7.49501
    -7.53295
    -7.50283
    -7.44469
    -7.36874
    -7.36016
    -7.26725
    -7.30542
    -7.39897
    -7.36366
    -7.35444
    -7.33426
     -7.3143
