    -7.32692
    -7.32691
    -7.32703
     -7.3276
    -7.32771
    -7.32811
    -7.32896
    -7.33024
    -7.33075
    -7.33153
    -7.33286
    -7.33444
    -7.33579
    -7.33781
    -7.33942
    -7.34105
    -7.34269
    -7.34433
    -7.34595
    -7.34737
    -7.34844
    -7.34961
    -7.35145
    -7.35231
    -7.35384
    -7.35483
    -7.35572
    -7.35712
    -7.35813
    -7.35874
    -7.35941
    -7.36031
    -7.36113
    -7.36143
    -7.36167
    -7.36246
    -7.36276
    -7.36333
    -7.36373
    -7.36381
    -7.36434
    -7.36412
    -7.36437
    -7.36449
     -7.3651
    -7.36529
    -7.36539
    -7.36569
    -7.36591
     -7.3665
    -7.36747
    -7.36791
    -7.36843
    -7.36919
    -7.37019
    -7.37113
     -7.3726
    -7.37386
    -7.37535
    -7.37677
     -7.3778
    -7.37904
    -7.38063
    -7.38273
    -7.38424
    -7.38563
    -7.38747
    -7.38899
    -7.39079
    -7.39239
    -7.39394
    -7.39556
    -7.39693
     -7.3979
     -7.3992
    -7.40051
    -7.40167
    -7.40237
    -7.40303
    -7.40321
    -7.40319
    -7.40236
    -7.40208
    -7.40128
    -7.40057
    -7.39948
    -7.39877
    -7.39785
     -7.3964
    -7.39459
    -7.39256
    -7.39047
    -7.38802
    -7.38551
    -7.38266
     -7.3799
     -7.3768
    -7.37291
    -7.36957
    -7.36589
    -7.36187
     -7.3572
    -7.35263
     -7.3474
    -7.34333
    -7.33813
    -7.33332
    -7.32767
    -7.32133
    -7.31519
    -7.30895
    -7.30244
    -7.29581
    -7.28874
    -7.28138
    -7.27388
    -7.26547
    -7.25692
    -7.24822
    -7.23968
    -7.23071
    -7.22101
    -7.21134
    -7.20098
    -7.19055
    -7.18067
    -7.17033
    -7.15986
    -7.14884
    -7.13793
    -7.12823
    -7.11754
    -7.10667
    -7.09673
    -7.08718
    -7.07749
    -7.06756
    -7.05821
    -7.04934
    -7.04102
    -7.03435
    -7.02755
    -7.02126
    -7.01655
     -7.0115
    -7.00775
     -7.0044
    -7.00191
    -7.00025
    -6.99911
    -6.99833
    -6.99832
    -6.99879
    -7.00016
    -7.00182
    -7.00406
    -7.00717
     -7.0104
    -7.01495
     -7.0193
    -7.02407
     -7.0294
    -7.03528
    -7.04216
    -7.04973
    -7.05754
      -7.066
    -7.07466
    -7.08424
    -7.09381
    -7.10423
    -7.11533
    -7.12569
    -7.13723
    -7.14855
    -7.16003
    -7.17148
    -7.18328
    -7.19493
    -7.20681
    -7.21858
    -7.22986
    -7.24136
    -7.25257
    -7.26298
    -7.27316
    -7.28352
    -7.29295
    -7.30203
    -7.31013
    -7.31843
    -7.32524
    -7.33176
    -7.33722
    -7.34208
    -7.34647
     -7.3507
    -7.35418
     -7.3569
     -7.3592
    -7.36077
    -7.36195
     -7.3626
    -7.36349
    -7.36301
    -7.36206
    -7.36054
    -7.35846
    -7.35645
    -7.35334
    -7.35111
    -7.34812
      -7.345
    -7.34161
    -7.33783
    -7.33381
    -7.33019
    -7.32575
    -7.32082
    -7.31585
    -7.31072
    -7.30542
    -7.29967
    -7.29393
    -7.28836
    -7.28236
    -7.27703
    -7.27085
    -7.26461
    -7.25848
    -7.25295
    -7.24757
    -7.24163
    -7.23577
    -7.23032
    -7.22471
    -7.21973
    -7.21422
    -7.20927
    -7.20372
    -7.19957
     -7.1958
    -7.19229
    -7.18937
    -7.18648
     -7.1841
    -7.18254
    -7.18154
    -7.18094
    -7.18107
    -7.18208
    -7.18366
    -7.18536
    -7.18822
    -7.19131
    -7.19508
    -7.19903
    -7.20376
     -7.2083
     -7.2134
    -7.21899
    -7.22505
    -7.23137
    -7.23747
     -7.2442
    -7.25092
    -7.25772
    -7.26488
     -7.2719
    -7.27858
    -7.28548
    -7.29228
    -7.29861
    -7.30447
    -7.31056
    -7.31625
    -7.32136
    -7.32663
    -7.33172
    -7.33662
    -7.34101
    -7.34457
    -7.34789
    -7.35142
    -7.35393
    -7.35589
    -7.35744
    -7.35888
    -7.36053
    -7.36103
    -7.36083
    -7.36072
    -7.36039
    -7.35988
    -7.35873
    -7.35712
    -7.35508
    -7.35276
    -7.35081
    -7.34849
    -7.34568
    -7.34284
    -7.34016
    -7.33692
    -7.33419
    -7.33079
     -7.3275
    -7.32419
    -7.32058
      -7.317
    -7.31377
     -7.3103
    -7.30736
    -7.30392
    -7.30105
    -7.29783
     -7.2949
    -7.29225
    -7.29033
     -7.2887
    -7.28675
    -7.28477
    -7.28292
    -7.28117
    -7.27968
    -7.27888
     -7.2777
    -7.27658
    -7.27475
    -7.27356
    -7.27238
    -7.27121
    -7.26973
    -7.26838
     -7.2673
    -7.26587
     -7.2644
    -7.26286
    -7.26141
    -7.26021
    -7.25863
    -7.25639
      -7.255
    -7.25295
    -7.25146
    -7.24947
    -7.24746
    -7.24558
    -7.24355
    -7.24168
    -7.23983
    -7.23757
    -7.23567
    -7.23413
    -7.23268
    -7.23118
    -7.22932
    -7.22774
    -7.22629
    -7.22542
    -7.22424
    -7.22335
    -7.22261
    -7.22184
    -7.22152
    -7.22148
    -7.22171
    -7.22175
    -7.22174
    -7.22183
    -7.22185
    -7.22178
    -7.22177
    -7.22226
    -7.22233
    -7.22243
    -7.22285
    -7.22326
    -7.22322
    -7.22363
    -7.22372
    -7.22424
    -7.22474
    -7.22523
    -7.22614
    -7.22629
    -7.22657
    -7.22714
    -7.22712
    -7.22741
    -7.22712
    -7.22747
    -7.22817
    -7.22848
    -7.22933
    -7.22996
    -7.23024
    -7.23139
    -7.23236
    -7.23392
    -7.23487
    -7.23581
    -7.23734
    -7.23901
    -7.24081
    -7.24334
    -7.24539
    -7.24769
    -7.24992
    -7.25284
    -7.25566
    -7.25792
    -7.26081
    -7.26326
    -7.26585
    -7.26813
    -7.27039
    -7.27306
    -7.27539
    -7.27768
    -7.27977
    -7.28197
    -7.28427
    -7.28652
    -7.28871
    -7.29056
    -7.29327
    -7.29472
    -7.29629
     -7.2978
    -7.29911
    -7.30098
    -7.30294
      -7.305
    -7.30639
    -7.30771
    -7.30926
    -7.31057
     -7.3118
    -7.31217
     -7.3129
     -7.3135
    -7.31414
    -7.31404
    -7.31427
    -7.31496
    -7.31489
    -7.31498
    -7.31507
     -7.3147
    -7.31417
    -7.31333
    -7.31264
    -7.31194
     -7.3114
    -7.31027
    -7.30884
    -7.30775
    -7.30623
     -7.3046
    -7.30287
     -7.3015
    -7.29931
    -7.29766
    -7.29536
    -7.29332
    -7.29187
     -7.2898
    -7.28729
    -7.28509
    -7.28368
     -7.2814
    -7.27993
    -7.27777
    -7.27553
    -7.27352
    -7.27176
    -7.27024
    -7.26868
    -7.26768
    -7.26664
    -7.26588
    -7.26523
     -7.2644
      -7.264
    -7.26326
     -7.2628
     -7.2626
    -7.26236
    -7.26208
    -7.26176
    -7.26168
    -7.26201
    -7.26182
    -7.26231
    -7.26302
    -7.26335
    -7.26343
    -7.26372
    -7.26449
    -7.26485
    -7.26508
    -7.26608
    -7.26708
    -7.26718
    -7.26802
    -7.26808
    -7.26871
    -7.26916
    -7.26971
     -7.2699
    -7.27033
    -7.27055
    -7.27099
     -7.2712
    -7.27118
    -7.27122
    -7.27057
     -7.2703
    -7.27039
    -7.27009
     -7.2694
     -7.2691
    -7.26903
    -7.26829
    -7.26795
    -7.26773
    -7.26717
    -7.26629
    -7.26571
    -7.26499
    -7.26476
    -7.26367
     -7.2634
    -7.26336
    -7.26328
    -7.26286
    -7.26318
    -7.26351
    -7.26356
    -7.26472
    -7.26548
    -7.26661
    -7.26768
    -7.26899
    -7.27057
    -7.27182
    -7.27409
    -7.27679
    -7.27932
    -7.28243
    -7.28611
     -7.2896
    -7.29349
    -7.29748
    -7.30139
     -7.3061
     -7.3104
    -7.31532
    -7.32083
    -7.32615
    -7.33125
     -7.3361
    -7.34127
    -7.34629
    -7.35158
    -7.35619
    -7.36115
    -7.36598
     -7.3705
    -7.37543
     -7.3803
    -7.38447
    -7.38806
     -7.3918
    -7.39477
    -7.39709
     -7.3995
    -7.40138
      -7.403
     -7.4045
    -7.40556
    -7.40558
     -7.4053
      -7.405
    -7.40379
    -7.40166
    -7.39951
     -7.3969
    -7.39444
    -7.39107
     -7.3871
    -7.38317
    -7.37867
    -7.37363
    -7.36762
    -7.36186
    -7.35563
    -7.34911
    -7.34233
    -7.33578
    -7.32889
    -7.32185
    -7.31469
    -7.30716
    -7.29991
    -7.29206
    -7.28471
    -7.27761
    -7.26974
    -7.26265
    -7.25592
    -7.24942
    -7.24335
    -7.23712
    -7.23121
    -7.22579
    -7.22057
    -7.21616
    -7.21181
    -7.20814
    -7.20513
    -7.20294
    -7.20019
    -7.19809
    -7.19632
    -7.19472
    -7.19371
    -7.19224
    -7.19134
    -7.19085
     -7.1903
    -7.19044
    -7.19048
    -7.19104
    -7.19148
    -7.19211
     -7.1929
    -7.19371
    -7.19482
    -7.19561
    -7.19684
    -7.19804
    -7.19981
    -7.20167
    -7.20333
    -7.20507
    -7.20718
     -7.2095
    -7.21186
    -7.21379
    -7.21544
    -7.21708
    -7.21902
    -7.22078
    -7.22279
    -7.22489
    -7.22662
    -7.22795
    -7.22934
    -7.23107
    -7.23329
    -7.23463
    -7.23567
    -7.23689
    -7.23767
    -7.23801
    -7.23792
    -7.23816
    -7.23888
    -7.23936
    -7.23989
    -7.23974
    -7.23968
    -7.23959
    -7.23932
    -7.23891
    -7.23867
    -7.23863
     -7.2388
    -7.23889
    -7.23879
     -7.2397
    -7.24012
    -7.24023
    -7.24136
    -7.24188
    -7.24282
    -7.24418
    -7.24565
    -7.24706
    -7.24778
    -7.24961
    -7.25147
    -7.25317
    -7.25484
     -7.2563
    -7.25751
    -7.25906
       -7.26
     -7.2606
    -7.26129
     -7.2619
    -7.26179
    -7.26171
    -7.26147
    -7.26016
    -7.25929
    -7.25808
    -7.25685
    -7.25512
    -7.25262
    -7.25056
    -7.24774
    -7.24509
    -7.24141
    -7.23779
     -7.2338
    -7.22916
    -7.22482
     -7.2202
    -7.21564
    -7.21116
     -7.2065
      -7.202
    -7.19678
    -7.19255
    -7.18781
    -7.18396
    -7.17997
    -7.17587
    -7.17289
    -7.16939
     -7.1663
    -7.16363
     -7.1608
    -7.15857
     -7.1565
    -7.15474
     -7.1533
    -7.15187
    -7.15167
    -7.15088
    -7.15054
    -7.15065
    -7.15135
    -7.15187
    -7.15294
    -7.15457
    -7.15567
    -7.15729
    -7.15896
    -7.16081
    -7.16298
     -7.1653
     -7.1679
    -7.17063
    -7.17375
    -7.17666
    -7.17904
    -7.18222
    -7.18559
    -7.18853
    -7.19132
    -7.19394
    -7.19684
    -7.19971
    -7.20252
    -7.20557
    -7.20824
    -7.21068
    -7.21303
    -7.21542
    -7.21756
    -7.21958
    -7.22149
    -7.22358
     -7.2254
    -7.22726
    -7.22915
    -7.23047
    -7.23168
    -7.23263
    -7.23393
    -7.23529
    -7.23641
    -7.23745
    -7.23903
    -7.24025
    -7.24142
    -7.24196
    -7.24247
    -7.24282
    -7.24408
     -7.2446
     -7.2453
    -7.24634
    -7.24742
    -7.24795
    -7.24869
     -7.2498
    -7.25067
     -7.2519
    -7.25274
    -7.25408
    -7.25531
    -7.25611
    -7.25753
    -7.25909
    -7.26032
     -7.2615
    -7.26245
    -7.26391
     -7.2648
    -7.26508
    -7.26611
    -7.26678
    -7.26694
    -7.26672
    -7.26625
    -7.26551
    -7.26465
    -7.26351
    -7.26223
    -7.26022
    -7.25809
    -7.25583
    -7.25332
    -7.25071
    -7.24727
    -7.24378
    -7.24041
    -7.23642
    -7.23246
    -7.22795
    -7.22413
    -7.22072
    -7.21685
     -7.2133
    -7.20997
    -7.20566
    -7.20192
    -7.19846
    -7.19517
    -7.19192
    -7.18932
     -7.1868
    -7.18466
    -7.18231
    -7.18038
    -7.17946
    -7.17851
    -7.17738
    -7.17651
    -7.17621
    -7.17587
    -7.17593
    -7.17622
     -7.1769
    -7.17735
     -7.1783
    -7.17914
    -7.18016
    -7.18134
    -7.18237
    -7.18352
     -7.1851
    -7.18738
    -7.18914
    -7.19127
    -7.19331
    -7.19524
    -7.19735
    -7.19979
    -7.20193
    -7.20377
    -7.20561
    -7.20729
    -7.20971
    -7.21151
    -7.21343
    -7.21549
    -7.21754
    -7.21988
    -7.22206
     -7.2241
      -7.226
    -7.22824
    -7.23037
    -7.23302
    -7.23498
    -7.23734
    -7.23906
    -7.24166
    -7.24439
    -7.24713
    -7.25003
     -7.2534
    -7.25663
    -7.26004
    -7.26362
    -7.26705
    -7.27076
    -7.27475
    -7.27884
    -7.28299
     -7.2878
    -7.29187
    -7.29606
    -7.30021
    -7.30458
    -7.30869
    -7.31265
     -7.3169
    -7.32036
    -7.32346
    -7.32692
    -7.32969
    -7.33266
     -7.3352
    -7.33716
    -7.33884
    -7.34084
    -7.34211
    -7.34265
    -7.34337
    -7.34412
    -7.34445
    -7.34438
    -7.34421
    -7.34381
    -7.34302
    -7.34247
    -7.34155
    -7.34029
    -7.33883
    -7.33688
    -7.33491
    -7.33293
    -7.33078
    -7.32819
    -7.32576
    -7.32289
    -7.32049
    -7.31722
    -7.31429
    -7.31109
     -7.3075
    -7.30411
    -7.30092
    -7.29705
     -7.2934
    -7.29013
    -7.28619
    -7.28219
    -7.27844
    -7.27433
    -7.27019
     -7.2663
    -7.26254
    -7.25829
    -7.25434
    -7.25036
    -7.24609
    -7.24166
    -7.23753
    -7.23372
    -7.22963
    -7.22602
    -7.22229
    -7.21784
    -7.21404
     -7.2103
    -7.20616
    -7.20239
    -7.19869
    -7.19568
    -7.19216
    -7.18873
    -7.18557
    -7.18237
    -7.17915
    -7.17637
    -7.17359
    -7.17066
    -7.16881
    -7.16683
    -7.16444
     -7.1624
    -7.16087
    -7.15909
    -7.15737
    -7.15649
    -7.15552
    -7.15493
    -7.15442
    -7.15383
     -7.1539
    -7.15404
    -7.15454
    -7.15523
    -7.15625
    -7.15685
     -7.1579
    -7.15956
    -7.16089
    -7.16309
    -7.16449
    -7.16627
    -7.16826
    -7.16985
    -7.17163
    -7.17388
    -7.17553
    -7.17747
    -7.17925
     -7.1816
    -7.18346
    -7.18557
    -7.18732
    -7.18931
    -7.19032
    -7.19187
     -7.1929
    -7.19475
    -7.19606
    -7.19685
    -7.19786
    -7.19865
    -7.19936
    -7.20016
    -7.20073
    -7.20186
    -7.20294
    -7.20367
    -7.20437
    -7.20505
    -7.20618
    -7.20656
    -7.20697
    -7.20787
    -7.20852
    -7.20971
    -7.21055
    -7.21196
    -7.21352
    -7.21494
    -7.21639
    -7.21805
    -7.22008
    -7.22206
    -7.22458
    -7.22737
    -7.23043
    -7.23345
    -7.23674
    -7.24089
    -7.24499
    -7.24918
    -7.25388
    -7.25862
    -7.26338
    -7.26858
    -7.27404
    -7.27897
    -7.28471
    -7.29031
    -7.29574
    -7.30097
    -7.30643
    -7.31163
    -7.31623
    -7.32128
    -7.32553
    -7.32973
    -7.33385
    -7.33771
    -7.34115
     -7.3443
    -7.34715
    -7.34969
     -7.3516
    -7.35363
    -7.35547
    -7.35697
    -7.35842
    -7.35906
    -7.35966
    -7.35962
    -7.35924
    -7.35824
    -7.35738
    -7.35623
    -7.35436
    -7.35225
    -7.34976
    -7.34783
    -7.34514
    -7.34215
    -7.33936
    -7.33649
    -7.33403
    -7.33154
    -7.32845
    -7.32553
    -7.32296
    -7.32014
    -7.31755
    -7.31519
    -7.31293
     -7.3106
    -7.30851
    -7.30666
    -7.30443
    -7.30259
    -7.30111
    -7.29939
    -7.29742
    -7.29548
    -7.29341
    -7.29152
    -7.28993
    -7.28774
    -7.28584
    -7.28423
    -7.28199
    -7.27942
    -7.27758
    -7.27554
    -7.27423
    -7.27242
    -7.27027
    -7.26839
    -7.26602
    -7.26392
     -7.2618
    -7.26026
    -7.25826
    -7.25625
    -7.25441
    -7.25198
    -7.25004
      -7.248
    -7.24586
    -7.24426
    -7.24229
    -7.24057
    -7.23898
    -7.23753
    -7.23653
    -7.23539
    -7.23413
    -7.23291
    -7.23159
    -7.23139
    -7.23127
    -7.23139
    -7.23191
    -7.23268
    -7.23387
    -7.23503
    -7.23647
     -7.2382
    -7.24005
     -7.2422
    -7.24417
    -7.24704
    -7.24988
    -7.25328
    -7.25709
    -7.26083
    -7.26508
    -7.26952
    -7.27352
    -7.27794
    -7.28277
    -7.28751
    -7.29242
    -7.29733
    -7.30188
    -7.30666
    -7.31149
    -7.31587
    -7.32023
    -7.32455
    -7.32821
     -7.3321
      -7.335
     -7.3378
     -7.3405
    -7.34356
     -7.3456
    -7.34801
    -7.35032
    -7.35149
    -7.35318
    -7.35434
    -7.35483
    -7.35556
    -7.35624
    -7.35656
    -7.35698
     -7.3569
    -7.35661
    -7.35628
    -7.35468
    -7.35408
     -7.3531
     -7.3519
     -7.3503
     -7.3489
    -7.34633
    -7.34393
    -7.34139
     -7.3384
    -7.33479
    -7.33177
    -7.32796
    -7.32365
    -7.31931
    -7.31432
    -7.30914
    -7.30302
     -7.2972
    -7.29122
    -7.28408
    -7.27732
    -7.27067
    -7.26328
    -7.25627
     -7.2494
    -7.24214
    -7.23547
    -7.22886
     -7.2224
    -7.21614
    -7.21077
    -7.20558
    -7.20123
     -7.1973
    -7.19397
    -7.19093
    -7.18864
    -7.18707
    -7.18588
    -7.18533
    -7.18477
    -7.18475
    -7.18536
    -7.18579
    -7.18659
    -7.18771
     -7.1885
    -7.19012
    -7.19119
    -7.19229
    -7.19354
    -7.19477
    -7.19659
    -7.19778
     -7.1991
    -7.19993
    -7.20076
    -7.20171
    -7.20327
    -7.20498
    -7.20609
    -7.20706
    -7.20851
    -7.20983
    -7.21164
    -7.21318
    -7.21431
    -7.21562
    -7.21697
    -7.21851
    -7.22008
    -7.22167
    -7.22314
    -7.22448
    -7.22613
    -7.22794
     -7.2296
    -7.23111
    -7.23305
    -7.23483
    -7.23643
    -7.23786
     -7.2394
    -7.24046
    -7.24208
    -7.24381
    -7.24534
    -7.24683
    -7.24782
    -7.24892
    -7.24967
    -7.25114
    -7.25211
     -7.2541
    -7.25454
    -7.25586
    -7.25669
    -7.25764
    -7.25872
    -7.25993
    -7.26082
    -7.26123
    -7.26208
    -7.26276
    -7.26403
    -7.26466
    -7.26558
    -7.26617
    -7.26748
    -7.26891
    -7.26954
    -7.26996
    -7.27048
    -7.27108
     -7.2713
    -7.27187
    -7.27235
    -7.27241
     -7.2722
    -7.27216
    -7.27199
    -7.27136
    -7.27089
    -7.26982
    -7.26828
    -7.26719
    -7.26641
    -7.26501
    -7.26332
     -7.2615
    -7.25939
    -7.25732
    -7.25546
    -7.25381
    -7.25149
    -7.24943
    -7.24749
     -7.2451
    -7.24227
    -7.24053
    -7.23871
    -7.23666
    -7.23485
    -7.23287
    -7.23117
    -7.22947
    -7.22794
    -7.22703
    -7.22617
    -7.22535
    -7.22489
    -7.22494
     -7.2249
    -7.22463
    -7.22488
    -7.22505
    -7.22588
    -7.22677
    -7.22833
    -7.22933
    -7.23066
    -7.23248
    -7.23432
    -7.23646
    -7.23875
    -7.24102
    -7.24311
     -7.2456
    -7.24894
    -7.25174
    -7.25399
    -7.25688
    -7.25949
     -7.2624
    -7.26499
    -7.26755
    -7.27035
    -7.27307
     -7.2757
    -7.27838
    -7.28032
    -7.28242
    -7.28405
    -7.28581
    -7.28708
    -7.28799
    -7.28944
    -7.29022
    -7.29107
    -7.29169
    -7.29252
    -7.29266
    -7.29301
    -7.29239
    -7.29154
    -7.29064
    -7.28954
    -7.28811
    -7.28683
    -7.28511
    -7.28313
    -7.28137
    -7.27956
    -7.27788
    -7.27683
    -7.27553
    -7.27386
    -7.27246
    -7.27122
    -7.27033
    -7.26921
    -7.26896
      -7.269
    -7.26906
    -7.26945
    -7.26991
    -7.27045
    -7.27122
    -7.27284
    -7.27487
    -7.27759
     -7.2807
    -7.28388
    -7.28756
    -7.29188
    -7.29589
    -7.30016
    -7.30558
    -7.31087
    -7.31586
     -7.3208
    -7.32564
    -7.33124
    -7.33696
    -7.34198
    -7.34702
    -7.35219
    -7.35654
    -7.36139
    -7.36549
    -7.36897
    -7.37225
     -7.3753
    -7.37765
     -7.3802
    -7.38218
    -7.38358
    -7.38469
    -7.38507
    -7.38517
     -7.3844
    -7.38352
    -7.38238
    -7.38072
    -7.37929
    -7.37691
    -7.37421
    -7.37122
    -7.36795
    -7.36459
    -7.36071
    -7.35695
    -7.35331
    -7.34894
    -7.34552
    -7.34126
    -7.33694
    -7.33273
    -7.32867
    -7.32447
    -7.32001
    -7.31606
    -7.31218
    -7.30826
    -7.30415
    -7.30063
    -7.29695
    -7.29299
    -7.28996
    -7.28668
     -7.2839
    -7.28104
    -7.27915
    -7.27719
    -7.27457
    -7.27279
    -7.27141
    -7.26951
    -7.26845
    -7.26747
    -7.26657
    -7.26632
    -7.26643
    -7.26626
    -7.26625
    -7.26639
    -7.26695
     -7.2667
    -7.26774
    -7.26763
    -7.26815
    -7.26868
    -7.26906
    -7.26941
    -7.26972
    -7.27013
    -7.27063
    -7.27136
    -7.27202
    -7.27261
    -7.27314
    -7.27331
    -7.27358
    -7.27351
    -7.27357
    -7.27302
    -7.27233
    -7.27272
    -7.27271
    -7.27292
    -7.27351
    -7.27404
    -7.27484
    -7.27531
    -7.27622
    -7.27696
    -7.27799
    -7.27948
    -7.28065
     -7.2821
    -7.28369
    -7.28493
    -7.28658
    -7.28877
    -7.29087
    -7.29226
    -7.29412
     -7.2966
    -7.29875
     -7.3007
    -7.30229
     -7.3041
    -7.30595
    -7.30798
    -7.30957
     -7.3107
    -7.31182
    -7.31277
    -7.31293
    -7.31366
     -7.3139
     -7.3138
    -7.31321
     -7.3129
    -7.31241
    -7.31206
    -7.31157
    -7.31094
    -7.31003
    -7.30947
    -7.30851
    -7.30748
    -7.30548
    -7.30373
     -7.3018
     -7.3003
    -7.29908
    -7.29817
    -7.29665
     -7.2953
    -7.29366
    -7.29174
     -7.2906
    -7.28904
     -7.2878
    -7.28674
    -7.28571
    -7.28426
    -7.28284
     -7.2819
    -7.28083
    -7.27979
    -7.27893
    -7.27779
    -7.27668
     -7.2756
    -7.27513
    -7.27424
    -7.27352
    -7.27265
    -7.27165
    -7.27081
    -7.26967
    -7.26899
    -7.26845
    -7.26762
    -7.26662
    -7.26576
     -7.2646
    -7.26448
    -7.26329
    -7.26269
    -7.26178
    -7.26131
    -7.26054
    -7.25962
    -7.25856
    -7.25796
    -7.25678
    -7.25595
    -7.25531
    -7.25445
    -7.25366
    -7.25314
    -7.25273
    -7.25232
    -7.25237
    -7.25246
    -7.25276
    -7.25359
    -7.25422
    -7.25527
    -7.25676
    -7.25809
    -7.25989
    -7.26232
    -7.26552
    -7.26829
    -7.27124
    -7.27466
    -7.27884
    -7.28331
    -7.28805
     -7.2929
    -7.29798
    -7.30357
    -7.30903
    -7.31435
    -7.32038
    -7.32576
    -7.33134
    -7.33756
    -7.34363
    -7.34997
    -7.35581
    -7.36173
    -7.36724
    -7.37276
    -7.37768
    -7.38228
    -7.38744
    -7.39224
    -7.39696
    -7.40158
     -7.4055
    -7.40944
    -7.41325
    -7.41662
    -7.41969
    -7.42199
    -7.42412
    -7.42547
    -7.42634
    -7.42748
    -7.42859
    -7.42845
    -7.42827
     -7.4279
    -7.42749
    -7.42735
    -7.42627
    -7.42442
    -7.42255
    -7.42007
     -7.4173
    -7.41469
    -7.41196
    -7.40883
     -7.4053
    -7.40141
    -7.39718
    -7.39307
    -7.38912
     -7.3849
    -7.38088
    -7.37665
    -7.37207
    -7.36718
    -7.36246
    -7.35794
    -7.35379
     -7.3499
    -7.34552
    -7.34144
    -7.33753
    -7.33395
    -7.33057
    -7.32696
    -7.32416
    -7.32114
    -7.31864
    -7.31681
    -7.31415
    -7.31245
    -7.31034
    -7.30872
    -7.30728
    -7.30569
    -7.30453
    -7.30335
    -7.30227
    -7.30127
    -7.30019
    -7.29976
    -7.29876
    -7.29778
    -7.29711
    -7.29628
    -7.29589
    -7.29533
    -7.29428
     -7.2935
    -7.29298
    -7.29228
    -7.29168
    -7.29044
    -7.28962
    -7.28861
    -7.28711
    -7.28604
    -7.28448
    -7.28352
    -7.28238
    -7.28138
    -7.27947
    -7.27816
      -7.277
    -7.27613
    -7.27512
     -7.2735
    -7.27235
    -7.27134
    -7.27034
    -7.26903
    -7.26757
    -7.26625
    -7.26538
    -7.26451
    -7.26346
     -7.2621
    -7.26072
    -7.25932
    -7.25805
    -7.25614
    -7.25481
     -7.2533
     -7.2516
    -7.24971
    -7.24824
    -7.24704
    -7.24548
    -7.24403
    -7.24193
    -7.23976
    -7.23739
    -7.23525
    -7.23335
    -7.23136
     -7.2299
    -7.22715
    -7.22491
    -7.22242
    -7.22029
    -7.21745
    -7.21452
    -7.21134
    -7.20853
    -7.20578
    -7.20266
    -7.19963
    -7.19641
    -7.19331
     -7.1899
    -7.18696
    -7.18392
    -7.18063
    -7.17805
    -7.17589
    -7.17252
    -7.16993
    -7.16769
    -7.16554
    -7.16424
    -7.16261
    -7.16143
    -7.16026
    -7.16033
    -7.15998
    -7.16029
    -7.16127
    -7.16169
    -7.16264
     -7.1644
    -7.16591
    -7.16837
    -7.17117
     -7.1743
    -7.17743
    -7.18086
     -7.1847
    -7.18879
     -7.1934
    -7.19821
    -7.20364
    -7.20831
    -7.21277
    -7.21791
     -7.2231
    -7.22784
    -7.23301
    -7.23754
    -7.24259
    -7.24724
    -7.25191
    -7.25567
    -7.26033
    -7.26464
     -7.2692
    -7.27325
    -7.27737
    -7.27974
    -7.28232
    -7.28511
    -7.28795
    -7.28979
    -7.29228
    -7.29408
    -7.29563
     -7.2968
    -7.29774
     -7.2986
    -7.29941
    -7.29956
    -7.30027
    -7.30034
    -7.30039
    -7.29998
    -7.29942
    -7.29826
    -7.29743
    -7.29679
    -7.29619
    -7.29506
    -7.29384
     -7.2924
    -7.29151
    -7.29088
    -7.28992
     -7.2888
    -7.28736
    -7.28608
    -7.28527
    -7.28389
     -7.2824
    -7.28142
    -7.28034
    -7.27948
    -7.27885
    -7.27815
    -7.27739
    -7.27687
    -7.27615
    -7.27582
    -7.27574
    -7.27575
    -7.27541
    -7.27501
    -7.27546
    -7.27568
    -7.27523
    -7.27545
    -7.27529
    -7.27578
    -7.27617
    -7.27629
    -7.27659
    -7.27707
    -7.27831
    -7.27911
    -7.27929
     -7.2799
    -7.28035
    -7.28061
    -7.28083
      -7.281
    -7.28157
    -7.28192
    -7.28266
    -7.28241
    -7.28299
    -7.28319
    -7.28283
    -7.28208
    -7.28139
    -7.28119
    -7.28044
    -7.27989
